[  3 246   4 231 151  80   9 186  69 104  58 110 241 255 141 297 205 249
 163 234 277  96]
[17 50 81 44 26 79 13  5]
[8 7]
[ 69  13 247 192  93 121 156   9 219  67  48 193 142 285  75 143 297 294
 228 114 165 211]
[56 55 15 60 29  7 40 48]
[6 2]
[ 19 151 254  63 207 124  36  21  35 122   8  59  80  29 181 202 179 170
  60  17 135 237]
[ 1 42 36 63 67 29 26 45]
[4 1]
[215 116  48 185 137 193  74  13 104 295  10  80 217 142 162   9  75  46
  99 188 138 246]
[62 49 19 10 99 71 81 14]
[9 2]
[208 204  33   4 122 188 275  62 243 202 233 165  90  32 135  91 268 101
  13 286 271  84]
[15  9 63 57 69 20 11 64]
[4 2]
[130 176   2  44 280  50 196 189 136 235 208  37  11 149 295  12 288 215
  95  33 297 153]
[12  4 40 36 96 15 44 90]
[1 2]
[ 99 180 154 235  24  11 210  12  60   4  43  26 172 232 176 224 281 179
 198  52 123 129]
[89 97 86 53  6 91 42 60]
[4 2]
[149  35 129 122 244 193 252 128 173 198  48 294 110 112 204 161 165   3
 253  67 124 175]
[20 66  3 88 13 31 77  5]
[5 3]
[223  73 284 222 208 186  89 232  78 193 226  29 258  77 177 292 132  72
 103 110 145 221]
[21 65 98 95 15 62 28 26]
[5 7]
[189 246  54  22  62 283  50  45 218 252 235  21  94 181  59  27 186  14
 171 245 295  84]
[54  7 72 16 80 77 45 44]
[6 2]
[ 69 256 158  76 201 115 262 114  79 220 123 258 282 215 166  67  75  61
 116 268 157 238]
[96 95 42  4 20 11 38 26]
[6 4]
[  8 192  31   5 253  37  55  57  28  32  90 125 231  46 230 220 290 207
  82 190 158 107]
[35  2  4 44 27 10 77 65]
[3 6]
[ 98 110 174 291 216 150 254 185 140  94  96  60  72 271 115 142  35 263
 242 172 270 298]
[57 96 12 35  4 25 85 78]
[3 7]
[144   7 292 141 298 180  82 240 234 211 263 153 112   4 286  92 114  91
 181  25 140  88]
[93 80 99 25 49 26 69 50]
[4 5]
[268  31 183  14  78 251 222 285 282 249  45 291  55  76 192 157  24  83
 138 215 155 205]
[83 56 88 76 86 82 72 85]
[3 1]
[283 167 185 104 294  38 113 221 125  66  83  34 106 164 183 177  18 232
  29 101 146 277]
[82 73 69 97 68 72 47 71]
[4 8]
[270  84 204 176 288 159  89 289 166  75 160 175 182 161   9  46  68 164
 208 123 279 255]
[32 68 71 14 76 25 27 47]
[4 5]
[159  77 165  18 264 137 222  37  85 126 293 119 235 279 239 181 178  17
 182 220  28 238]
[95 87  6 83 11 28 76 24]
[2 3]
[228 171 211 256 227  75 178 130 189  60  90 156  26 127 236  50  93  63
  67 219 271 187]
[48 50 87 78 36 51 25 89]
[5 9]
[ 36 137 102  61  39  58 293 122 155   9 173 220  84 110  16 298  46  64
  10 256 181  97]
[ 2 67 63 35 55 96 60 73]
[4 1]
[ 24  27 160 187  80  29  52 194 270 236  22  77  37 292 102 136 129 151
 212 276  12 164]
[75  4 13  9 37 31 28 50]
[9 1]
[200  49 242  80  41 206 191 101 199 128 266  19 104 281 204   6 285  89
  17 251 216  77]
[12 68 89 72  8 78 63 54]
[1 8]
[137 190 232  68 248 108 274  78 293 149  67  80 284 295 181 296  91 146
 120  55  18 230]
[15 20 97 50 32 17 41  1]
[8 3]
[203 104 242 219  64 229 128  38 154 163 237 278 263 183 112  77 158  75
 129  26  60  71]
[45 69 41 75 43 78 77 30]
[3 2]
[294 255  28 144 132 235 218 266 234 118  99  90 215 220 297 247 241 263
 295 293 139 286]
[47 90 67 49 85  3 12 11]
[9 3]
[  7 288 202  24  57 104 172 116 111  53 188 132 266 285 298  72 147 263
 177  71 121  73]
[50 82 76 41 45 18 78 62]
[5 7]
[261 170 191 129  77  38  61  64  53 139  34 138 244 155 296 268 252 282
   8 118 194 167]
[43 86 98 11 18 54 14 89]
[9 2]
[ 25 297 127   1 124  27  42 167 144 208 150  97 137  63 154  71 112 194
  78  56 273 171]
[10 61 45 99 16 68 12 49]
[2 3]
[ 16  80 125   4 260 280 176 159  86 101 183 166 108 226 116 239 122  79
  83 284  67 175]
[80 75 72 58 83 94 70 84]
[5 9]
[112  90 239  24  16  34  17 190 212 207 275 247  65 194 116  57 220 241
  51 214 216 108]
[55 29 22 99 74 64  2 93]
[3 6]
[216 215 229 209 207 284  96 253  91 164 187 265  54  28  20 248 184 195
  64 224 285 276]
[76 22 94 98 57 84 56 63]
[6 5]
[264 195 235 265 163 219 213   5 202  30 263 148  50 232  79 228  39 259
 161 298 270  67]
[51 42 24 46 23 91 37 61]
[8 1]
[256  63 112 170 270  97  25  88 130 116 173 223   3 209 117  99 153  17
 158  27  13 157]
[25 76 29 52 75 89 19 60]
[7 3]
[163 240 199 203 177  57  80  38 243 278  64 159 231  26  23 161   1 210
 252  78 132  19]
[ 1 62 97 47 37  8 34  4]
[5 7]
[ 98 298 179 254 291 266  50 160 283  73 117 231 278   2 210  20 265 236
  49 280 230 239]
[30  4 79 51  5 13 18 31]
[9 1]
[ 32  72 201 235  84  94 244 262  25 263 219 165  58 250  26  54 203 186
 226 158  99 258]
[54 62 84 36 29 79 35 46]
[7 1]
[204  49 174 186 294  13  30  83 261  98 180 156 288  47 287 148 256 225
 205 284 107  81]
[51 76 55 18 30 13 94 85]
[2 1]
[ 67  79  70 247  85 260 122 111 241  94  40  65 208 157 221 174 106  53
 229 163 167 149]
[39 66 31 52 19 78 99 61]
[2 6]
[ 41  95 194 248 222  67  56 254 243 159  20 236  26  48 285 177 268 191
  36 163 184  96]
[12 10 28 94 63 91 68 32]
[5 9]
[203  83 290  12  89  55 170 139 135 178 106 146 185 249 172  26 125  79
  25  42 244 274]
[44 37 56 67 31 52 10 46]
[9 5]
[ 28 142 192 162  62  75 193 178 235  14 160 256 203 180 137  36  61 274
 264 200 226 129]
[57 10 95 52 98 24 39 60]
[2 6]
[235   5 126 218  37   7 153  97 223  39  15 184 181   9  31 219 198 246
 290 194  46 112]
[23 46 71 59 80  5 31 34]
[2 7]
[180 160 171 249 265 189 206  55  34 107 187 182  32 136 116  12 235  27
 122  97 191 261]
[34 18 38 91 36 46 82 29]
[5 9]
[147 264  56 226  65 112  61 259  53 187 241 218 111 293 190 198 138 292
  42 151 157  48]
[39 10 26 28 61 76 56 11]
[6 7]
[236  39 264 280 285 216 278 176 242  13  19  80 219 254 150  79   4 221
  55 109   6  38]
[45 19 57 69 90 62 27 78]
[4 5]
[137 113 206  38 215 298  48  79  96 121 112 102 246 254  41   3 289  22
  44  27 178 228]
[51 50 32 71 59 29 21 76]
[3 2]
[ 92  61 182 185 134 102  96 221 250  29 186 123  77  36 216  53 238  34
 107 132 158 139]
[ 4 32 37 12 44 78 48 98]
[6 4]
[276 109 223  76 175 196 161  27  57  96 248 156  84  34  89 170 164 146
  41 110 130 205]
[ 3 49 89 50 17 12 20 43]
[3 1]
[248 242 193  15  42  84  94 165  28 118 217  58 104  31 107 281 294 171
  12 162 122  14]
[21 71 78 88 24  9 29 54]
[8 3]
[105  65 140 167  38  15  30 127 244  72 130 186 274 249  75 220 179  99
 189 207   5 241]
[64 71 17 33 40 42 20 39]
[3 2]
[ 39 238   6 120  37 235 142 157  74 296 116 294  54 193  50  59 102  76
   2  56  32 266]
[53 37 51 31 91 41 13  3]
[8 6]
[  8 191 137 108 247 164 153 116   7  33 229  26  40 210 234 103  83 159
 281  50 142  41]
[73 48 28 93 92 25  3 75]
[8 3]
[274 290 224 172  12 146  36  35 243 231 131 298  91 269 215  57  60  53
 190 160 152 266]
[11 81 25 92 84 89 79 49]
[3 4]
[266 216  46  89 193 173 283  51  57 226 118 100 264  85   5 139  88 251
 130  79 116   9]
[69 74 18 87 56 36 27 86]
[8 1]
[176  67 284 299  56  84  36 209 131 182 128 297 242 253  73 123 228  52
  70 224  54  78]
[51 74 65  6  3 13 57 56]
[8 6]
[ 86 223 100 203 211 187  90 107  55  27 295 258 106 257 179 291 289 102
  33 188 147 171]
[24 96 31 66 92 77 93 30]
[9 5]
[238  10  80 180 181 170  21 278  64  91 125 169  74 163 293  41 148 206
 119 299  22 263]
[46 25 74 70 18 27 96 32]
[2 1]
[270 196 215 135 176 227  21 161  73 245 128  49 238  35 141 104 288  76
 221  64 136 190]
[46 92 77 59 93 65 52 98]
[5 7]
[285 262  66 264 190  50 127 160 124 220 255 114 293  21  11 252 120 159
 184  20  37 251]
[47 32 69  2 13 85 57 91]
[2 7]
[ 60  22  77 165   4  15 246 175 202 225 248  93 252 129  37 140   7 100
 201 113 299  30]
[42 31 46 43 21 87 94 60]
[4 5]
[234  39  81 235  60 203  74  98 275 169 165 208 218 240 168 257 220  49
  31  67 142 182]
[70 32 46 27 85 14 49  9]
[9 5]
[287   7  21 204  95 120 279 297 134 123 189 150  17 107 115 111 214 171
 191  87 176  52]
[71 78 33  5  7 13 11 73]
[9 5]
[ 47 108 182 230 169 140 217  96 223 158 149 145 207  17  93   2 253   3
 243 175 191 284]
[43 81 20 30  9 39 89 95]
[3 2]
[232 122 298 237 210  30 123 144   3 259 191 192  17  61 273 109 262 148
 177  97 150  82]
[44 61 35 75 10 98 72 18]
[6 8]
[ 53 284 117  98 295 203 127 111 224 166 281 266  60  62  29  12 125 189
  49 234  18  24]
[55 90 34 50  8 42  9  6]
[5 8]
[ 91 130 203  80  72  15 217  75 271 198 120 118 293  99  84 139 257 201
 174 281 140 261]
[99  1 93 51 38 64 49 84]
[4 1]
[ 99 262  57 132 220  86  18 114 242  23 122 225  54  51  63  73 294 283
  29 160 224  11]
[45 37 23  9  4 49 91 13]
[3 2]
[ 81 175 184 216 170 214  13 272  89 113  21 155  55 288 225 110  48  33
 181 124  91 289]
[61 33 81 84 48 91 26 53]
[6 8]
[260  43 249 278 193 114 234 108 109 224 154 250 136  52  41 113 138  86
 144 239  59   6]
[95 71 69  3 62 23 86 20]
[5 8]
[ 22 223 263  40 123 247 277 189 256  20 199 230 141  63  54 171   7   2
 280 178  26 134]
[52  5 84  8 76 70 38 12]
[7 1]
[172 208 228  38  51 233 161 275 209  14  92  42  36  52 264  86 176  83
  88  87 218 169]
[45 29 44 15  4 16 42  9]
[2 1]
[ 37 286 131  44 227 133 206 268 118  96  76 238 292 205  73 108 211  63
  70 130 173 252]
[68  2 70 42 28 18 22  8]
[6 1]
[298  12  70 268 174 109  98 271 187 225 194 188  57   4 129 228  39 128
 259 125 291 202]
[57 99  8 37 41 77 32 62]
[5 6]
[168   1   8  46 161  51   7 181 210 106 227  64 298 143  22 261  80 221
 160  48 219 285]
[27 87 71 44 42 10 78 59]
[2 1]
[111 146  61 227 251 130 124 117 168  11 288 272   3  50  96 291 173  64
  60 131  19 266]
[38 40 70 20 21  3 29 46]
[1 6]
[247 106 124 298 150 248 132   6  44 143 269 212  71 159  54 148 290 233
 149 217 234 274]
[92 71 66 95 78 69 43 85]
[3 7]
[289  69 104 246  84 256  47 165 299  63 147 248 132 210 249 184 229 202
  26 251 108 235]
[93 70 64 79 87 31 85 65]
[2 1]
[ 43 160 190   9 260  97 159 215 230 152 158 197 119 265  12 181  99 111
  53 107 266 263]
[54 86 39 77 26 31 83 56]
[2 5]
[ 36 145 179 202 234 285  88 153 141 267 283  95 171 205  81  35 111 199
 225 158 192 214]
[51 15 91 79 83 70 77 16]
[9 3]
[226 132 111 239 183 272 131 142 121  27  16 176 263 115 156  59  50  41
 230 270 146 297]
[12 50 59 71  9 99 38 27]
[3 4]
[  3 132  69  42 248  97 220 226  29 101 163  91 144 138 134  39 203 116
 106 130  56 112]
[64 33 13 54 23 88 18 55]
[2 3]
[ 50 163  48  88 294 196 235 140 222 118 123 194  92 205  46 280 286 146
  95  63  42 139]
[38 36 65 63 82 23 37 80]
[1 9]
[190 208 170 120 294 203 121 291 290  13 185 104  70  79 193   4  37 243
  76 231 101 297]
[ 4 55 56 26 62 48 89 33]
[3 1]
[146  19 100 209  95 225  27 107 155  28 260 222 249 153  64  54  29 160
 279   9 288 202]
[18 42  8 66 46  7 32 28]
[5 3]
[272  76 171   7 150 297 182  36 208  63 197  17 143 130 152 219 155 125
 137 242 299  96]
[59 32 11 46 51 79 36  6]
[6 3]
[246 123   4 235 295  93 171  42 146  75 283  89 231  72 247  74  19 124
 152 113 153 232]
[57 37 63 98 86 87 58 21]
[6 5]
[245 183  22 229  78 292  87  42   8 239 281  82 125 157 253 106 272  96
 218 162 224  45]
[36  3 60 17 31 65 22 26]
[1 4]
[216 163 252 136 233 192  93 159 292 111   8 183  65 156 256 125 241  55
 162 127 228 107]
[72  3 25 68 17  2 76 93]
[4 1]
[ 13 105 167  87  42  97  30  43 109 166 230 272 120   4 101 153  57  14
 115 242 188 130]
[46 77 26 84  2 39 21 31]
[3 4]
[210  20  57 270  61  94 175 136 216  73 174 296  74 230  44  59 141 249
  45 180  33  32]
[98 38 51 42 52 64 28 45]
[3 4]
[276  88  93 122 212  67 111  49 238 220 147 186 285 134 282 278 268 146
 107 257  16 108]
[ 5 48 32 31 66 43 70 30]
[8 2]
[187 270 144 195  80 104 238  49 180 209 286 137  45   9 204 271   3 260
  13 289 164  35]
[32  3 86 94  4 27 70 74]
[9 5]
[ 53 281 153  39 167 144  78 291  18   2  64  41 232 221 143 180 249  33
  30  77 235  40]
[69 13  7 98 94 23 11 71]
[8 3]
[  9 167 145 282 205 101 288  55  54  15  99 287 239 133  16 184 214 198
 280 269  40   5]
[49 64 27 90 65 10 75 45]
[7 4]
[124  26  27 296 175 102 159 147  29  37 265 123  70 199 180 107 158  25
  98 177  23  44]
[85 70  3 61 86 81 52 62]
[6 3]
[ 26 193  32 278 223 294 137 101 271 112 225 259  70 115 236  45 117 116
   3  78  25 152]
[39 56  5 58 77 85 57 59]
[5 2]
[105   6 126   1  40 218 112  62  91 248  61 113 236  17 123  24  21 129
 139  42  92 244]
[32 57 60 93  1 15 49 77]
[9 5]
[182 204 151 217  55 152  39 121  17 136 280 285  27 224 255 251  45  73
  13  10 206 179]
[26 55 87 22 20 49  7 57]
[3 7]
[ 47  16 248 125  43 221 189 282 247  63  50 194 127  26 146  21   2 255
 111 182 273 285]
[76 73 66 89  9 59  5 41]
[4 5]
[  7  95 101  85 218  78  20  23  39 226 202 149 291  26 108 123  21   9
 137 180  74  89]
[50 45 87 31  9 86 37 85]
[3 2]
[ 55  76  50 220  22 182 131  36 267 143 236 215  57 180 105 129 128 100
 298 157  84 120]
[52 71 54 77 42 17 66  3]
[2 5]
[134 256 192 126   5  33 101 186  37  22 172 132 189 262 150 209  13 197
 235 141 170  57]
[86  9 77 67 81 97 48 98]
[7 6]
[266 284 239   1  99  98 227 159 157 246 195  89 261 214 201 162   9  41
   6 175 289  77]
[98 63  9 77 33 18 31 79]
[1 2]
[290 182 154 173 289 129 293 235 155 118  40 178  44 213 140 262 148   1
 222  60 146 143]
[69 86 40 65 31 79 37 67]
[6 9]
[ 61  89 109 111 227 292 265  42 105 266 277 281 149  37  47 240 210 132
 219 115 171  96]
[97 46 70 73 22 29 11 96]
[7 5]
[280 197  23 228  44 189 269 275 288 299  46 188 296  80 242 121  66 130
 232 176  79 113]
[71 23 35 96 83 73 37 26]
[1 4]
[153 227 215  87 217  11 250 262 252 259 155  46 132  45 222  82 269 297
 187  31  58  94]
[ 5 84 17 67  3 18 37 68]
[8 6]
[ 16  11 231 117  70  68  54 296 214 158 145  14 178  99 100 262 273 141
 219  27 186 192]
[14 41 92  8  4 49 56 62]
[9 8]
[270 258  47  26  60 231 267 155 284 296 251 227 287 234  23 184  48 257
  57 206 152 187]
[48  5 37 78 35 96 99 19]
[4 7]
[236 115  11  65  95 145  35 257 177 221   1  68 289 106 193  17 183 140
  99 249  47  84]
[29 89 53 65 30  1 17 78]
[1 7]
[169 226 190 195 265  85 221 180  54  30 281 238 187 251  40 171  58 216
 188  90 183 204]
[49 51 99 55 92 30 93 32]
[2 3]
[248 197 113 118  33  80 298  79 110 152  36 170 252 188  41 282 126 243
  59 191 172   1]
[97  3 42 14 81 95 79 49]
[1 7]
[ 74  77 164  27  46 168 167 188 222 177 147  99 145 152 290  86 280 217
  95 250 160 295]
[52 31 15 73 81 51  2 63]
[3 7]
[296  24  80 170 213  64 276  45  82   7 138 150  84  66 186 274  85 209
 283 215 165  46]
[84 26 90 17  4 76  8 35]
[4 9]
[105 225 221 130  69 214 248  97 258 128 147 200  75 138 210 129  81 185
 178 242 273 231]
[21 99 54 19 65 89 40 81]
[5 1]
[ 66 170  25   4 244  20 207  93  98 183 204 137 220 180 224  69  15 217
  38 151 279 148]
[45 59 57 15 29 22 19  8]
[8 9]
[225 122 245 238 221 168  13  50  40 149 105   8 119 153 292 211  86 270
 169 233 235 220]
[97 48 69 68 18 53 98 73]
[3 2]
[ 15  73 283 166 170 290 267 196  84 197  41  79  92 129 234 161 168 235
 145 130  54 246]
[95 66 45 22 36 90 75 86]
[4 9]
[283 284  56   9 255 146 108 117  81 169 262  85  96 286  17 179 172 198
  47  14 130  55]
[36 53 97 84 48 49 77 70]
[1 4]
[163  78  93 215 218 118 110 296 270 235 111  22 173 260  45 179  47 150
  32 267 247  51]
[32 42 89 76 40 13 15 38]
[9 1]
[ 28   9  91 210 298 242  51 198 144 255 251  71 183 293 165 170 186 125
 267 178 103 244]
[28 48  2 53 35 44 59 81]
[9 8]
[287 281  35   8 280 204 106 289 262 182 239 294   6 276 116 235 259 272
 115 200  75  79]
[96 37 48 44 53  6 99 68]
[2 4]
[222 175 120  33 245 143 277  25 259 163  93 250  32 238 210  35 182 133
   6 146 207  38]
[33 88 78 91 80 40 10 51]
[5 9]
[ 76 188 244 205 127 299 165 189 258  72  67  34  48  60 130  95 286 149
  64 278 271 204]
[14  5 97 70 77 95 78 45]
[3 6]
[236 201 295 129  10 173 156 142 176 226 164  12  92 264 169 267  66 259
 277 292 104 110]
[15  5 29 22 16 92 68 96]
[5 7]
[297 181 217  46  74 192 268   6 189  66  80  30 167  26  57 233  41 179
  94 131 299   7]
[33 97 85 54  3 22 48 58]
[2 6]
[ 34 152 247 164  52  75 254 298  58 146  78 218 255 163 209   5  38 215
 274  60  80 183]
[45 46 67 69 42 70 41 71]
[1 7]
[254 199 170 125  18  27  10  46  92 179 150   1 287 108 240 228  58 118
  53  78   5 185]
[88 85 63 89 51 98 24 53]
[1 3]
[ 12 298 226 148 223 108 163 269  76 198 190 255 239 278 147 132  40 151
  22  24  23 137]
[46 50 28 68 13 58  4 94]
[3 9]
[134  68 150 137 127 201   4 183 154  99   8 190  51  88 298  49  59 219
 239  45 139 191]
[82 12 89 48 85 83 96 73]
[5 8]
[ 48 250 132 111 145 115 269 110  97 254  92 152  88  78 190  53  36 198
  86 113  33  79]
[74 70 39 72 71 54 26 79]
[6 2]
[ 28 115 170 240 176  39 126 145   4 121 144 196 272 139  12  90  25  73
 159 171 256  42]
[47 70 92  6 33 52 16 64]
[2 6]
[  7 279 257 173  41 115 272  93  79 237 196 107  36 128 224 142 180 211
  28   9 290 233]
[83 58 88 53 81 75 70 24]
[2 4]
[285   9 258 180 282 221  49 214 271  46 193  11 166 215 243 130  63   5
 201  58 279  24]
[54 97 27 29 20  1 23  4]
[5 7]
[190 290  76 265 114 215 202 245  87 297  93   9 254  25  99  63 188 222
 161  21  40 141]
[57 90 88 11 55 75 84 37]
[3 8]
[164 111 202 198 137   8  86 209  26 125 103 180  14 232 194 190 244 289
  61 269 292 152]
[51 36 88 77 82 71 62 11]
[9 5]
[151 157 138 283 192 130 191 234  53 149  44  97  48 253 241  70 172  26
 180  47 267 215]
[57 77 74 90 46 22 97 81]
[3 8]
[ 33  94  54 240 257  17 143 153 137 268  98  79 279  81  56 106 107 192
 284 286 275 262]
[42 90 22 38 73 75 56 46]
[2 8]
[  3  98 287 280 267 230 112 209 249  16 248 274  92 141 171 173  24 123
 101 197 172 239]
[50 97 32 54 76 99 48 28]
[7 8]
[223 150 163 224  12 225  59 101  14 226 112 227 193  97 228 253 179  86
 267  39 180 286]
[86 79 73 17 51 37 42 16]
[8 6]
[ 81 255 165 233  35 281  88  79 202  64 212 177 278  78 139 227 208  51
 189  25 291  12]
[40 70 84 88 18 69 91 27]
[9 3]
[216 224 254 185 276 298   1 178   9 231 243  97  29 135 242  54 161  85
  20  45 269  27]
[ 2  9 43 27 56 19 22 98]
[2 1]
[273 219 137 197 159 235 180  65  35  89  94 242   8 150 175 163  57 184
 241 120  43 289]
[13 99 85 75 77 63 36 86]
[5 1]
[  3 206  74  37  76 231 186  67 286 200 216  30 112  25  50 252  22  86
 254 291 109  14]
[91 47 66 32 33 16 82 61]
[3 9]
[ 22 198  17 229  21 161 123 224  10 250  92 141  68  78 230 261  25 189
  99  83 291 255]
[31 34 50 52 84 17 95 41]
[8 4]
[ 23   6 284 111  65  80 146 167 292 202 166 148 207 251 244   7 160 158
 195 230  28  98]
[ 6 25 65 90 33 16 46 96]
[4 5]
[ 98  63  14 187 195 246 218 247 292 297 255 210  96 176  21 114 217  75
 139 185 238 264]
[77 15 95 80 64 79 78 88]
[8 1]
[  5 110 282 269 142  32 181 200 214 206  62 243 234  96 198 217 203  60
 118   8 127 163]
[ 5 57 66 99  3 85 23 61]
[9 1]
[ 89  54  38 135 161 266 178 229 235  72 200 153  14 225 136 176 180 141
 256  64 272 189]
[98 24 32 59  3 83 88 54]
[3 8]
[101 223 122 227 110 249 157 291  81 281  78 262  29 286 208  83 219 224
 178 116 211 161]
[69 72 66 80 21 46 60 31]
[6 2]
[288  67  77   8  33 175 145 283  93 160  82 251 169 149 293 180 123 132
 200 289 181  68]
[55  3 85 42  2 30 31  4]
[9 4]
[ 25 209 251   4  89 194  10  27 291 198  71 143 186  30  17  28 270 245
 157  14 149  50]
[58 60 77 59  3  7 44 54]
[8 6]
[155  34 211 197 192 168 222 110 198 266 299 258 120  15 102 176 124 295
 281 276  92  27]
[58 90 20 27 84 11 38 71]
[4 7]
[ 18 191 253 110  48 204 171  16 240 275 222 147 179 218 178 196 285  92
 215 260 103 228]
[66 80 86 20 87 14 96 94]
[2 3]
[131  78 199 290 127 278  28 181 210 140 263  17 262 152  38 280 161  65
  32  86  24 266]
[72 35 96 68 93 52 22 71]
[4 7]
[ 64  50 170  13 265  97 158 268 145   7  46 283 139 143  21 272   8  53
 113 172  18 199]
[35 71 60 42 97 15 90 16]
[8 3]
[139 153 151 150 147  15 213 255  72 144  12 179 158  22   5 193 234 214
  71  60  88 238]
[21  4 87 69 17  8 14 64]
[3 2]
[256 264 133  57 175 195  78 142 176   1 126  18 101  79 254 134 230   4
  56 262 117  99]
[59 89  1 18 37 49 75 47]
[2 3]
[ 58 166  60  73 126   5 138  10  40 285 125  47  53 232 176 251  15 291
 162 161 212  86]
[57 38 27 52 63 83 20 75]
[8 1]
[277  86  76  38  25  74 139   2 106 229  46 286 252 215  39 126 250 239
 127  64 284  21]
[36  6 72 44 23 39 71 83]
[9 4]
[193  43 210  89  17 160 156 238  77 275 114  29 175 293  82 208 174  84
 180 270 191 109]
[29 41 28 83 36 42 13 82]
[7 6]
[141 142 243 204 103  62 132  89   4  57 217  55  68 216  43 245  28 176
 221 260 165 193]
[34 48 62  3 20 63 57 87]
[1 5]
[ 44  23 182 168 235 232 247  55 123  71 219  74 160 290   5 270  35 294
  78  58 177  64]
[ 1 32 24 43 21 79 89 46]
[7 8]
[ 27 101  16  54 106 122 194 168   3 188  39  37 163  40 236  21 115 143
 178  75  92 179]
[19 21 54 76 95 28 89 59]
[4 7]
[252 129  37 178 290 265  52 275 218 193 185 251 130  39   5 145 123  64
 282 258  45  54]
[70 45 79 37 25  6 21 43]
[2 7]
[115 219 191 197 221 121 222  95 184  46 139 131   5  29  94 165 156 213
 114 108 276 152]
[ 8 37 31 47 73 87 88  5]
[2 9]
[149 209   7  32 218 186 246 213 290 202  35  38 214 241  58 154 121  91
  18  24 266 157]
[87  2 48 67 89 25 49  5]
[4 1]
[131 167 253 274   5  71 237  69 130 275 101 243 259  65 291  99  95 210
 122 287 149 297]
[71 39 15 82 32 73 76 92]
[3 1]
[232 274  88  49  61 137 298  93 193 187  27 109 180 275  75  43 272 200
 112 210 168  16]
[79 81 84 47 21 28  3 14]
[3 2]
[155 161  28 286 208  65 171  63  58 136 185 167   6  50 212 249 295  41
  69 105  74 140]
[65 28 20 81 17 42 82  3]
[6 3]
[ 40  76 253 288 108 254 243  44   6 154  31 258  57 204  32 200  21  46
 112 275  19  97]
[43 75 88 54 60 93 42 96]
[1 6]
[163 217  32 269 151 116  58  77 178  14 168   1 147 193 137 127  95  78
 125 185 238 291]
[37 25  3 94 78 56 30 89]
[1 2]
[  1 293 249 213  56  80  83  65 239  55  53  72 141 136 182 227  44 181
 180 291 158  32]
[86 26 10 42 51 33 68 52]
[7 2]
[237 201  36 205  34 215  12 254 268 132 229  88 238 198  24  52  80 196
 244 267   4 188]
[40 62 42 26 43 74 35  5]
[4 6]
[113 276  48  40 202 297 288 106  96 135  57 281  97  95 261 232 195  41
 102 274 236 263]
[42 78 95 36 77 20 98 12]
[6 4]
[ 40 164 271  57 176 127 280  97 124  83 189 253  30 218 287  50  44 254
  22  71  36 119]
[61 36  7 48 93 67 27 79]
[4 2]
[191  81  66 242 179  68 195 149  39  13  23 251 193  35  36  37  94  80
  14  69  88 201]
[36  3 99 45 55 80 39 25]
[4 2]
[ 60  89 284 213  20 289 184 273 123 262 104 128 101 106 199 166 179  50
  65 225 211  36]
[77 16 25  7 21 46 22  1]
[1 2]
[217 172 199  99 159 262  21 231 187  87 236 250 179  49  25  35 108 232
 288  82 244 156]
[69 54 21 45 61 24 96 53]
[6 7]
[ 10 149 264   5 265  60  89  40  27  49 180  18  19 199 267 134  96 131
 160  61 270 118]
[46  7 81 88 29 86 76 77]
[3 5]
[ 31 163 184 267  14  12 294  67  25 238 116 152 118 138 273 159  42  64
 126 221   3  74]
[20 50 99 83 56 66 68 67]
[6 2]
[116  46   5  86 272 114  53 255  37 298 188 192  25 243  64 242 145  79
  88 266  94  35]
[97 86  3 59 11 35 21 82]
[3 9]
[229 218 290 298 132 173 244 266 192  74 225 258 101 178 299  41 106 252
 261   6 195 129]
[34 16 67 39 37 95 29 32]
[9 7]
[ 11  22  90   3 121   1 258 159 280 147 295  83 176   9 282 183 271 104
 117 136  33  10]
[51 22 70 64 15 55  8 23]
[5 6]
[ 41 256 161  59  63 190 116 278 258 205 175 168 178  12 212 167 243 289
 268 254  19 129]
[72 59 19 11 26 31 66 82]
[4 3]
[287 274 224  22   7 133 228 123   2 100 267  75 266 110 175  34  69 164
 240 173  28  62]
[ 3 34 46 93 94 72 80 25]
[3 2]
[225 229 141 161 117   4 157 228  37 237 218  25 207  40 102 139 193 203
 146 255  23  88]
[40 84 11 98 90 72 83 92]
[9 5]
[ 89 193 262  11 168 216 289  30 190  57 298  29 178 106 264 259 240 231
  60 148 101 160]
[33 40 50 28 45 91  1 43]
[3 8]
[178  70 289 245  81 181 189  28 253 294 107 174 149  38 244  54 207  33
 131 286 150 296]
[86 85 73 64 87 53 30 17]
[6 2]
[ 53  86 243 107  64 159 222 233 156 221 180 240 232  68 186 248  83  75
  37 287  40 270]
[38  8 59 31 82 69 13 81]
[2 9]
[283 261 275 227 196 114 179 139 198 293 294 224 127 121 292 181  44  20
  92 213 148 118]
[ 4 88  6 46 78 89 45 37]
[1 5]
[214 268 259 112 266  22 172 220 157  90  65  81 288 206 121 240  86 183
  18 102 215  39]
[66 14 55  6 88 31 85 15]
[8 3]
[187 211 249 221  62  86 159 203 175 216 287  98  36  64 232  81 114 105
 200 259 202 215]
[17 37 54 19 40  6 84 61]
[1 7]
[168 284 188 217 281 104   3 209  82 236 175 234  96 258  49  93  90 264
 121 238  68  76]
[58 74 42 81 91 17 94  1]
[8 2]
[126 249 137 229 275 155 110 176   2 299 158 107 233 256 171 124 206 192
  20  73 223 101]
[43 56 36 11 65 73 67 49]
[4 2]
[160  91  83 135  30 166  57 289 221 253 161 270  17 274  92 230  54 290
  28 219   8 149]
[42 52 83 61 38 62 13 45]
[6 4]
[ 14  60 296  23 121 289 100  37 180 153 175 186 156 107 122 266 241  36
 279  55  29 251]
[45 23 79  3 99 73 27 74]
[4 6]
[ 46 203 112 196 152  27 136 168  79  40  63 204 238 205 150  28  86  11
 256 258 148  55]
[60 74 22 18 81 27  2 10]
[9 7]
[143  74  39  44  42 180 171  24  52 199 284 181 278  59  84  56  60  19
 263  26 222  97]
[74 86 63 97 19 89 39 31]
[5 8]
[280 246 274  61  81 163  56 123 148 167 131  45 288 146 124 120  89  70
 287 213  21  37]
[74 81 78 16 30  4 76 25]
[5 2]
[218 259  84  14 165 261  63  25 236 130 132 247 263  87 221 133 260 262
 127  67 108  28]
[54 98 96 24 51 73 88  4]
[9 7]
[175 161 143 276 265 230 119 292 297 190 138 103 160  31  68  58 112 232
 145 111 167  74]
[12 70 57 61 25 80 55 41]
[6 8]
[297  32 165 203 100 129 183 158 189  79  19  80 287  43  46 223  96   8
  45 215  16  34]
[74 16 55 60 65 70 69 43]
[5 7]
[259  24  96 119  32 267 204 189 268  82  37 184   9 155  23 158 174 255
 111 157  63 270]
[51 43 81 73 63 86 25 77]
[4 2]
[211  55 119 248   3 299 261 266  89  16 198 290 124 133 220   4 104  49
 228   8  31 254]
[ 3 92 17  4 40 37 21 24]
[4 9]
[135  74  78  92  46  48 204 112  22 234  28  12 228  31 146 185 298 262
 268 155 167 164]
[10 74 99 92 49  1 44 29]
[2 7]
[ 14 215  46 273  43  96 279 110 254 236 239  82  15  97 267 164 177 221
  78 132 182  83]
[96 60 76 87 85 11 56  8]
[2 3]
[228   1  56 263 204  81 137 158  19 169 249 110 147 164  91 160 122 214
 220 167 103 129]
[78 43 44 68 46 35 89 73]
[4 9]
[295 144 193 172 226 263  83  60 195  91 223 143  55  66 135 208 237 221
  52  89 296 185]
[57 94 45 79 88 41 89  2]
[6 3]
[268 134  53 165  66  47 115 240 290 245 173 162  87 125 211 195 298  51
 259 184 183 136]
[97 80 71 45  3 24 76 83]
[5 4]
[109  33 118 233 238 176 224 104 269 262 212  95 264  57 259 149 131  11
  93 138 191  27]
[11 87 24 77 79 61  1 98]
[5 4]
[229 253 224 247 296 157 180 146 293 140  52  23  73  45 297 122 243  86
  30  97 165 238]
[43 30 42 18 56 99 70 10]
[2 7]
[284   4   3   7 268  18  35 107  70 266 212 146 252 185 114 282  89 117
 116 289  32  14]
[70  1 58 11 64 25 49 80]
[7 5]
[192  37 207 298  82 274 140 132 254 190  63  57  38   3  20  22  81 263
 173  49  66  10]
[52  2 61 70 16 49 89 72]
[6 2]
[142 236 267   6  74  55  51  81 234 277 188  93 201 273 286  47 213 187
  77  57  39  69]
[35 53 63 98  5 61 26 97]
[3 1]
[274 148 152 263  86  50 137 185 187  57 186  33 292 294 196  20 109  54
 121  24  72 272]
[69 89 28 14 72 25 59 80]
[4 1]
[252 166 219 180 110 119 156  27 144  40 246 186   6 106 253 266 176 154
 151 115 210  75]
[65 95 66 34  4 73 94 54]
[5 2]
[213 295 268 158  78  44  85 148  84 133 175 112  16 277 280 237 236  82
  61  71 272 209]
[58 96  2 53 38 28 93 60]
[1 4]
[104  85  23  89  50 268  81  38 246 213 188 159 117 134 193 229  22  84
 101 198 146  80]
[43 31 49  7 35 89  1 72]
[6 4]
[101 192 227  73  76  99 191 158 199   8 274   7 178 196 207 265 232 180
  44 256 104 288]
[ 8 90  9 63 86 37 82 78]
[5 7]
[ 63 249 269 274 182 242  48 287 222 243  13 138 153  26 150 228 181 119
 159  59 256  15]
[79 43 76 39 81 98 16 93]
[5 1]
[130 122  67  59  57 181  18   3 233 264 141 255 210   8 103 235  95  71
 280 204  64 284]
[29  4 72 93 78 51 22 57]
[6 8]
[122 247 212 202  73 155 219 135 181 236 257 235 268 222  69 182 283 168
 239 141  93   2]
[39 48 87 61 28 29 58  6]
[4 2]
[131 145  80 117  69 143  85 202  39 238 198  62 286  38   5 207  90 291
  74  88 191  41]
[27 78 75 89 47 51 46 31]
[6 3]
[290 120 225 257 219 234  87 212 145 294 213  74  88  89 201 299  68  62
 278 288 179  77]
[47 22 69 19 97 14 41 99]
[1 6]
[105  95  48 161  27  34   2 173 117 283 159  52 206  36  51  18 148  63
  33 227 118   3]
[48 71 12  4 34 89 77 67]
[7 1]
[ 34 176  46 119 114  48  11  14  57   4 166 194 279 144 193 299 157  31
 214 244  38 284]
[15  3 37 34 65 66 29 51]
[1 3]
[262  83 108 232  12 289 117 282  26  27  24  94 123 101  72 226 251 223
 168  23 181 250]
[81 36 50 19 55 21 98 57]
[9 2]
[ 83 292 241 119 177 260 144 210  50 136 146 230  81 271 221  13 201  20
 121 202 291 277]
[34 67  5 30 70 69 58 92]
[9 2]
[ 61 125 180  40  62  58 117 121 297 225 241  60 294 190 269 174  25 292
 265 109 208 266]
[ 5 24 92 31 39 77 99 41]
[7 1]
[154 247 207   1 204 166 203   8 183 189  26 109 268 276  80 277 112 236
  52 133 190  84]
[80 87 60 49 93 20 41 14]
[4 9]
[227 164 192 282 274 113 228  25 197 112 139 169 221 128  43 145 265 188
 119   1 129 254]
[22 14 65 38 20 45 27 92]
[4 7]
[217 285  13 122  93 154 204 298 295  70  58 172  97 147 109 218 287 235
 195  51 245  82]
[93 38 43  2 72 22 56 59]
[8 1]
[109 191 134 178  14 231 211 143  77 212 225 194 184  28  40  98 299  25
 209 294 119  55]
[21 37 87 34 83  2 58 57]
[1 7]
[ 24   4 120  74 105 265  11 110 130 287 191 289 264   7 206 150 298  20
 124 131 214  83]
[77  4 44 75  2  7  9 13]
[1 4]
[ 73 151 144  17 291 202 115 281 283 251 150 244 110 119  47 158 131 231
 233  74 210 188]
[71 43 74 26 79 93 21 91]
[3 1]
[140 249  23  57 281 228 292 179 290  53 252  45 152 141 275 214 243 282
 173 170  29  10]
[27 45 58  4 18 69 10 48]
[7 5]
[ 52 112  64   9 279  56  57 167 111 131  71 245  84 151  69 237 176 114
  83 205  63 101]
[78 24 10 92 30 35 90 20]
[8 6]
[215 268  69  78 154  27 102 205 120 144  20  48 217 223 170 153  83 281
  57 197 297 271]
[73 26 31 66 49 44 21 48]
[9 5]
[ 61  52 170  23 157 244 122 159 247 136  32  85 285 274 270  69  12 213
 185 100  58 246]
[61 31 44 64 68  4 74 57]
[7 2]
[ 98 179 183 283  11 239 231  43  83  72  52  54 116 210 211 279 214 153
   2  37 275 161]
[53 94 10 87 68  9 96 14]
[3 8]
[ 67  49  39 168  66 268 178 152 240 118 135  32 234  70  10 278 200 130
 173  88 167 281]
[72 36 44 28 54 91  7 21]
[4 7]
[145  81 134 287 141  65  84  95  35 296  40  57 201 139 238 295  80 212
 101 135 271 188]
[63 86 56 29 55 38 45 85]
[5 6]
[203 148 285 274 276  16 186 224 258  52 244 270 152 269  80 223  25  66
 206  47 142  33]
[62 23 21 93 90  9 69 16]
[1 5]
[ 68 156  37 226  61 175 168 119  95 260 245 217 105 214 131  47 241  51
  53  77 275  58]
[86 46 71 18 69 67 32 87]
[6 1]
[ 64 182  33  49 194  20  53 113  57 234 246 264 119 157  55 224 220  27
 166  43 105  26]
[97 17  2 27 80 58 82 48]
[7 5]
[206 198 291 245  53   1 107 132  27 121  12 255  94  56 119 162  88 165
 292 299 182 186]
[83 76 36 69 46 67  5 91]
[6 5]
[ 73 238 104  52  96  67 139 173  95 190   6 106 101 231  37 198 183 251
 299  15  55 249]
[85  6 97 87 60 10 71 17]
[8 9]
[102 179  49  30 280  77  54 177 125 168  78 138 204 253 274   6 292 126
  97  92 210 164]
[43 62  6 41 96 59 77 33]
[6 2]
[212 225 244  15 117 251 170  80 100 291  70 145 171 177 122 194  22  76
 234 189 230 257]
[42 46 43 37 64 44  3 55]
[2 4]
[174 140 132 134   3 274  99 112 149 244 232 283  32 290 275  81 284 139
 241 163 102 242]
[62 72 47 36 97  5 79 43]
[9 6]
[ 67  99 247 161 206 160 295 149 218 175 256 227 112 238   1 276 259  32
 171  69  81 230]
[34 31 94 21 91 60  6 95]
[8 4]
[181 141 280 291 210 266 160  68 267  17  42  64 211 265 249  88 159  63
 271 193  27 172]
[39 40  9 97 26  3  4 86]
[8 3]
[ 22 118 264 230  11  21 110  68 176 155 168  32 204 243 139 129 242  63
  88 131 224 144]
[56 75 53 93 78 77 65 68]
[2 1]
[ 48 171 101 181 144 228 235  39  85  68  53 168  84 206 215  86  15  89
  25 237 208 100]
[ 8 16 42 83 50 57 35  5]
[5 3]
[250  87 126  17 177  82 297  24  26  80 240 202 280 200 229  74 125 237
 284 283 179  37]
[28 54 84 92 86 31 13 71]
[7 3]
[263 221 146 113  66 232 227 273  82 245 270 278 254 164 160 159 200  18
  86  14 293  72]
[28 26 39 14 78 20 70 65]
[3 5]
[ 60 192 299 228  71  72 275 150 281 128   8 238 255 223 244 271 273 149
  76 198 208 147]
[68  8 12 70 74 65 16 99]
[9 5]
[192  56  46 231 255  76 133 259  97 250  39 114 273 150  49 106 270 228
 222  59 293 203]
[73 43 79 95 31 94 11 13]
[9 5]
[136 205 196 100 287 261 263  67 288 256  44 178  33 272 184 227 168 174
 220 171 284  12]
[88 99 34 58 66  7 44 15]
[4 3]
[214 194  28 212  69 251 151 252 283 208 119 263 204 138 102 101 123 153
  14 156  39 274]
[74 73 64 40 15 27 62 94]
[4 3]
[242 169 113  31 239 282 228  12 165 267  80   8 234 194 198  60 209 253
  83 116  79  20]
[81 71 59 76 83 85 12  6]
[6 7]
[141  93 196 186 290 131  38  29 253 281  26  44 199 179  69 250 117  60
 268 246 271 262]
[49 87 58 16 73 99 50  5]
[2 1]
[290  90 273  99 175  87 262  30 136 112  32 147 104  65  93 291  64 256
 232 228 102 263]
[94 74 41 45 44 87 69 40]
[7 2]
[244  42  28 123 148 279 183  74  83 163 282 176 110 188   6  69  81 221
 125 184 290 231]
[44 91 78 99 96 95 76 79]
[5 7]
[130   7 258 264 102 280 217  86 209  75 291  34 270  49 198   8  48 175
 221 165 237 200]
[53 78  4 88 14 63 38 92]
[9 6]
[ 65 202 123 196 122 247 175 197 153 106 101 110  77 192 203 271  88  83
 273 120 158 119]
[50 37 36 59 88  7  4 96]
[3 5]
[112 212  61 266 192 269 200 284 281  48 211  51   5 180 297 169  33 207
  82  67 110 210]
[46 27 77 53 72 65 55 48]
[5 1]
[  8 133 234 240 122 232 279 162 202 196 126 131  25 208 187 143  42 178
 172 211  80 149]
[83  8 65 81 99 42 13 40]
[2 4]
[285  75 263 210  21  85  39 175 291  56 194  84  87 232 155 261 246 268
 154 139   9 188]
[69 75 34 86 32 88 44 49]
[1 3]
[283 240 190  88  59  50 216  74  85  27 287  78  86  89 212  65 262 204
 270 214 233 241]
[33 64 34 99 31 14 49 81]
[7 3]
[159 173 167 266 166  30  16 203 106 281 211 255 100 109 194  46 282 180
 238  17 275  67]
[50 97 85 73 82 10 20 28]
[2 8]
[ 79 236 243 153  15  85 128 232 129  57  36  28  94 221  92 299   8 184
  45 274   9  80]
[ 2 62 94 28 87 65 97 77]
[5 1]
[101   2 127 154  76  29 175  37  72 107 142  31 111   8   1   6 214 222
 126  99 298 217]
[30 34 53 52 85 38 94 67]
[3 9]
[192 133 157 178 223 108 222 167 237  35 233  68 224  50 291 112 265  79
 185  29 284 242]
[48 45 29 30 56 76 64 40]
[5 6]
[243 274 149  81  97 191 138 136  43 261 115 169 240 102 265 186  77 156
 225 226 236 118]
[33 74 93 29  7 67  3 25]
[4 8]
[266 128  10  60 241 109  44 279 291  95 141 273 129  58 127  53  55 244
 142  16 173  94]
[23 35 55  3 60 20 56 45]
[9 3]
[134 155 123  50  42 178  40 224  89  80 145 229 141  88  85 174 183 208
 148 266  59  20]
[76 68 81  8 73 91 42 48]
[6 4]
[280 161 222  49 256  66 193 164 126 124 167   9  31  98 178 269  62  39
 291 113 175  68]
[35 27 41 64 61 48 97 87]
[3 7]
[ 29 170  44  96 179 253 198 101  13 200 279 287 131  23  76  12 107 168
  39  68   8 212]
[55 96 73 53 58 33 10 12]
[9 5]
[ 47 288 102 262  23  36 245  21 180 233  11  39  53  46 268  55  85  35
   7  79 179 165]
[93 69 49 68  3 58 92 28]
[5 4]
[208 297 222 185 242 225  34 236 279  40   3 248 156 280 292  55 247 277
 243  76 113  30]
[ 2 14 43 76 68 33 39 87]
[1 4]
[ 73   4  87 160  24 136 158 134  28  91 190 206 163   3 233  74 210 292
  75 172 184  57]
[59  6 91 21 22 98 79 62]
[7 1]
[259 165   3  89 238 121 166 263 279  55 113  48  79 105 189 239 151 183
 156 282 243 247]
[58 85 25 87 45 54 40 66]
[3 6]
[ 92 182  26 103   7  87  32 253 252  72  33 288   5 262 145   3 203 102
 129  22 206  35]
[62  9  5 55 22 39 75 92]
[7 2]
[138 150 261 192 174  63 134 166 296 143 277  57 271  43 197   9 234 131
 217 282  70  93]
[78 51 25 40 71 79 43 14]
[9 8]
[229 245 240 181  88 106 172 210  10 255 284 199  95  83 266 223  72 232
 138 251 168 267]
[28 10  9 91 64 97 78 12]
[9 2]
[  8 223 262 199 193  23 275  15  66 124 226  72 225 117 184 198 108 161
 102 264 157   4]
[53 43 46 31 40 11 59 51]
[8 1]
[ 84 212 220 138  23  40 108  34 281  50 278 144 286   6  79  63  29  25
 126  15  69 287]
[11 71 28 72 89 88 58 69]
[5 8]
[259  13  14 153 246 245 250   6 116 188  39 237  33  63  76 284 214 297
 232  24 156 296]
[90 51 46 74 64 42  1 53]
[9 2]
[222  68 155 291  99 248 242  94 260 137 269 241 105 271 135 254 101  23
 285  62 109  10]
[15 50 29 30 87 60 34 98]
[9 3]
[ 32 214 183 295  55 268  40 148 198 243 233 279 221 257 238  28 175 109
 200  20 207  17]
[72 47 70 57 56 40 30 73]
[8 6]
[104  47  42 208 203 282 122   4  73 209 258  67 172 219 235 194 165 109
  44  25 242 106]
[58 19 62 76 78 89 49 13]
[8 5]
[290 179  95 143 107 287 122 159 175 134  49 150 135 176 286  86  23 171
 158  55 254  66]
[66 84 40 72  5 86  1 64]
[9 5]
[103 268  96  81   7 284 273  53  43 133 187 286  58  36 209 128  11 267
  62 129  67 222]
[93 88 40 72 78 16 62 17]
[8 9]
[ 84 129 142 174  35 259 288  22  73  88   4 160  56 277 267 190 217 214
  21 155  27 276]
[ 4 16 84 12 41 58 71  7]
[2 4]
[226 126 283 173 104  42 267 203   2  68  82 164 219 176 146  17 235 275
 127  87 205 280]
[73 52 47  2 98 72 51 58]
[3 1]
[ 46 156  88 217 265  85 130 213 284 255 202 226 152 254 253 267 276 126
  58 195 261 241]
[73 38 28 80 66 24 33 23]
[7 2]
[147  75 207  72 269 225 177 181 205  34 153 273 109  53  49  56  43 124
 168 114   7 272]
[91 77 48 13 15 24 59 90]
[5 9]
[220 161  52 147  82   3 112 231   9 291 216 194  96 144  78 159 206 179
 123 158 184 170]
[81  9 75 76 71 43 88 84]
[5 6]
[246 275 236 213 171 248   3 196 112  77 151 247  13  20 298  62 221 130
 106 133 116  30]
[41 21 54 67 46 13 90  8]
[6 9]
[ 25  67   9 273 173 256  61 231 270 265 236  75   7  86 297  89 217 243
 100 294  57 198]
[91 48 31 70 56 74 75 89]
[8 3]
[ 72  49 235 236 124 219 288  29 247 266  95 133 169 214 168  86 265 182
 199 291  79 187]
[83 75 60 88 85 64 54 31]
[7 5]
[119 268  11 146 177 285 290 172  52  95 273  98 123 106 252 230  87 191
 246  31 262  47]
[69 27 37 18 49 97 51 23]
[1 8]
[197 143 210 218  23 263 167 209 238  35 162 240 196 295 131 282  38 217
 266  96 137 151]
[38 57 63 23 42 19  8 93]
[3 4]
[151 157  72   7 102 170  23  32 217 182 218   4 186  64 112  78  49  53
 129  55 210 242]
[67 22 15 26 79 54 65 99]
[9 7]
[245 166 296 200 187 290 175 119 132 126 255 140   3 133  43  48 203 161
 279 159  40  29]
[12 88 23 17 89 60 98 24]
[1 8]
[264 147  96 156  44  76 140 296 233 145 220 271  13 285 164 131 298 172
 218 160  22  17]
[63 44 55 12 24 88 18 52]
[8 6]
[ 28 179 264  64  89 252 244  31  36 295 233  37  78  51  70  39 123 212
  21 175 131 129]
[75 52 47 14 84 38 90 13]
[4 6]
[ 94  85 124 262 270 223 140 174 287 120 127 231  93 278  89 194 242  69
  30  82 101 239]
[79  6 82 75 39 50 21 23]
[7 5]
[213  86 277 136 294  92 199  64 131 185 166 260 241 216 143  21 182 215
  50  96 245 269]
[ 6 64  5 65 98 83 66 10]
[7 2]
[ 19 252 106 119 231  88 154  55  15 225 255 186  66 251 288 196  18 144
 145  49 232 166]
[63 62 23 49 48 35 32 16]
[5 7]
[145  71  82 172 183 280  77  17 229  11  19  62  94 110 113  43 268 175
 179 273  30 218]
[40 67 94 57 92 32 71 43]
[4 5]
[ 64 173 111 245 204 264 227 153 103 294  34 189 299  66  53  20   5 131
 296 191 161 269]
[71 33 99 73 68 80 28 21]
[7 6]
[227  67  21  57  32 187 226 223  79 104 289 135 257 177 209 160 114  88
 236  96 115 243]
[92 45 67  8 74 66 19 49]
[9 7]
[140 122 104 115 279 166 114 233  41  96 112 283 163 270  18  85 165 215
 290 251 272 155]
[87 85 80 36 69 98 72  2]
[9 7]
[143  14  62 167  54 246 108 296  97 235 233 193 172  91 181  99 133 107
 189  30  70 293]
[ 8 39 20 98 73 18 96 85]
[7 6]
[234  38 170 201 101  11 181 208 123  95 257  64   8 271 176  66 110 125
 160 200 248 283]
[86 69 98 50 28 11  8 55]
[9 8]
[112 271 160 249 260 182  42 215 272 221 142 104 109  96 229 226  50 258
 223  98   2 129]
[45 36 39 46  8 19 76 64]
[8 1]
[ 31  21 201 291  94  52 131  40  87 205  11  28 287 173 256 157 243 161
 270 115  41   4]
[98 50 91 60 83  3 40 21]
[9 8]
[289   8 291 115 132 266  82  14 195 160 206  36 225 239 259 194 166 236
 109  97 226  96]
[19 35 83 95  4 63 88  8]
[3 9]
[194  80 200 186 222  79 225  57 281 176 254 252  33 205 293 213 105 136
 249  63  59 100]
[11 98 39 31 97 41 86 50]
[1 9]
[299  74 117 222  25  17  49 298 175 160 297 219  45 271 216  79 251 108
  51 203  23 113]
[45 52 58 71 55 85 96 75]
[3 9]
[124  15 150 183 240  80 189  79 273 145 283 262  83   2 268 236 257  41
  94 155 256  50]
[91 24 27 55 18 46 76 50]
[3 4]
[ 95 299  78  64 116 192 196  97 280 121 159 144 163 292 263  87 132 180
 204 183 189  84]
[61 96 40  7 82 72 51 93]
[6 9]
[ 93  68 131  62  92 196  52  76 149 155  78 197 116 283  15  49 157  74
 128  97 296  44]
[24 93 96  6 52 48 69 51]
[6 5]
[112 227 218 258 226  85 272 142 243 269 141 230  92  71 187  68 153 139
 127 229  51  96]
[ 3 49 55 44 86 10 98  2]
[1 2]
[278 286 291  66 190 280  63  31  77  90  78 177  49 209 159 198 174 153
 102 201  64 252]
[78 33  8 22 77 17 27 90]
[1 7]
[142 130 245  53 240 114 263 205 204 212 167  57  23 175 224  43  92  80
  58 244 258 247]
[12 54 13 59 30 11 47 88]
[9 2]
[ 92 194 258 145 191 232  39 293  72 112 153 252 148  75  15 299 244  12
 226  11 157  69]
[62 21 25 93 17 27 39 32]
[5 9]
[ 95 175 286  68  84 200 133 227  34 120 221  17  79 277 135  45  28  49
 124 299 140  71]
[72 30 71 45 51 35 97 76]
[1 2]
[272 182  27 114  31  72 120 179   6 290 279 264 237  63 233 208 166 228
 254 298  21  88]
[97 22 91 64  3 37  4 75]
[5 7]
[216 180 128 281 286 167 124  24  36 163  16 100 284  22 259 223  29 208
 221 225  99 230]
[54 20 36 82 35 27 96 42]
[3 8]
[196  67  53 227  89  13  63 145 222  78   4 293 197  82  17 231  66 123
 191 174  47  80]
[10  9 38 23  2 71  7 43]
[6 4]
[286 221   9 159   4 189 241 293 167  20 205 180  31 188 107  97 222 140
  16 297 130 187]
[31 50 38 83 66 90 74 52]
[6 1]
[ 90 254  79 139 108 215 170  95 157  13 278  67  53 125 298 192 111 190
  20 272 163  35]
[89 14 12 98 22 77 42 33]
[9 5]
[110  38 156 208 168 140  72 186  76 162  17 282 242 234  83 235  43 137
 152 263  42  18]
[53 81 38 87 93 90 13 52]
[8 9]
[ 85  35  21 131 119 122 149 285 123 206  56  20 299  99 280 297 112 211
 134 153 230 253]
[22 29 70  7 16 79 61 36]
[3 1]
[261  93 142 116 191  39  56  74 294 291  24 143  29  62 175  64 292 178
 189  96 197 210]
[25 41 80 15 62 55 53 92]
[7 6]
[138 178 283 222  91  67 136  70 278 229   7 293 145 177 226  68  95 110
  51  43 239 194]
[57 72 52 41 27 36 68 35]
[3 4]
[ 24  38  28 104 270  34 226  51 273  82  92 175 176 185 105  30 128  45
 163  59 203  23]
[41 50 56 72 98 78 71 31]
[3 4]
[119 101  31 282 113 178 111 211 230 231 145 139 162  38  79 157 268  21
 175  12  58  90]
[81 20 63 65 17 85 15  6]
[3 7]
[ 88 172  47 179  66 170  10 244  27 266 135 158  86  82  12  69 105 182
  61 110 169 250]
[37 14 29  1 51 60 40 30]
[7 3]
[ 96  58 156 115  89  39  37 103  88 259  68  92 262 265  25 191  21 183
 195  32 131 203]
[20 32 74  9 62 61 67 68]
[5 2]
[ 41 229  91 179 258 237 162 184 157 225  40 210 270 200  64  15  53 105
 236 235 173  62]
[68 70 49 33 61 48  9 82]
[9 2]
[122 278 153 233  87   4 288 107 258  25 289 209 222  72 259 240 187 139
 220 154 215  75]
[30 83 33 87 42 85 47 86]
[1 3]
[194 299 200 177  75  80  83 142  96 242 210  29 114 207 152  23 212  26
  44  65 259 290]
[15 72  8 55 86 93 76  1]
[7 5]
[ 76  72 254 178  21 224 261 162 257 281 267 285  66 244 208  40 176 265
 179  43  13  88]
[54 96 80 66 98 67 29 62]
[7 1]
[108 193  99 171  34 147 211 224  70 129  90  53 151 182   6  49 179 177
  80  43 162  78]
[60 95 36 98  8 43 87 11]
[3 8]
[256 221  49 248  28 234  27 236 141 298 231 144 184 260 136 216 149 140
 279 150 154  26]
[85  4 65 54 51 47  5 93]
[8 9]
[297 106 265 156  75 119 203 227 150 296 253  64  11 278 129 257 276 183
 172  23 251 224]
[97 83 21 56 74 86 93  7]
[8 9]
[ 70 113 276 129  21 245  19 100  64  69 295 253 188  52 259  74 267  11
 162 166 141 279]
[ 1 86 23 49 93 52  6 13]
[4 7]
[183  22  72 270 281 219 177 154  81  82 248  95 182 132  30  26 155   2
 206 250 161 242]
[31  5 37 15 36 68 42 69]
[9 3]
[160 248  84 187  25 211  10 100 299 274 151  63 113 154 251  18  19  58
 156  14  23  55]
[86 26 43 61 28 51 35 84]
[2 1]
[ 85 269 218 289 223 178 158 186 291  48  21 212 287 279 108 146 263 290
 213  95 106  79]
[92 67 43 56 68 63 13 64]
[5 8]
[225  26 277 282  13 145  91 247 272 103 163  98 270 253 146 205  27  16
   8 279 255 273]
[88 66 10 69 92 97 39 78]
[9 6]
[188  19  45 278 198 179 177 204 123 221 110 249 230  67  81  78 200 142
 178 227 223  85]
[41 78 45 74 71 83 22 29]
[5 8]
[230   5 270 140 239  98  99 166 225 238 246 136 144  52 153 266 271 176
 251 213 215 289]
[54  6 24 67 98 48 52 49]
[4 5]
[177  44  32 286 228  89 192 178   1  65   7 217 254 155   8 164  42  67
 238 232 295 142]
[59 17 93 60 67  2 28 80]
[8 6]
[229 171 239  16 169  64 284  40 261  94   9 267 231 150  69 250 264  18
 183   2  26  76]
[36 26  7 97 38 52 77 18]
[2 9]
[207 270 145  27 221 156  93 138 231  84  72 267 291 222 178  57  67 273
 135  58   9  30]
[21 25  8 78 49 99 40 22]
[8 6]
[ 37 162 254 157 119 102 179 206   1 281 169 259  69 148 176 215  23  53
 187 256 112 249]
[64 72  8 91 33 88 69 23]
[2 9]
[ 15 209  68 205 113  96 110 161 131 132 296 123 233  90 166 140 202 194
 212 294 263  93]
[78 86 85 77 60 14 43 79]
[1 4]
[261 140 216  24 175  14 131  37  47 258 186 105  54 225 121  27  48 127
  86 244 265 151]
[38 47 79 33 36 34 41 93]
[7 1]
[ 69  97 254  86 252 244 133 223 266 160 110 238  46 196 111  43 128 165
 261 159  11 234]
[ 6 51 24 65 17 43 28 50]
[2 6]
[164  61 295  57  73 202 125 135 196 263  93 105 209  52  65 238 233 278
 146 207  82 213]
[98 73  7 58 41 31  8 74]
[8 5]
[120  76  52 103  85  11  50 191  91 154 248 146 242  38  69   9 110 133
 163  17   3  70]
[65 60 11 97 22 12 90 54]
[3 8]
[ 51 240 164 179  84  26   8 158  96 281 282  40 143 139 173  77 140  41
 225 259 279  63]
[50 30 82 65 70 63 95 45]
[9 2]
[164 261 273 148 213 149 262 233 190 165 138 212 183 117 160 293  97  56
  76 197 295 225]
[40 65  5 21 18 37  8  1]
[4 7]
[102 295 207 274 174 186 235 280  66   9 246 128  38 248 131 152 225 209
 292 106  80 190]
[90 56 99 97 52 73 16  2]
[1 4]
[ 18  26 229  21 295   7  78  83  41 195 244  82 144 161 125 162 201 289
 202 297 231 165]
[86 10 74  8 18 82  1 23]
[7 3]
[  5  45 112 266  58 208 116 186 151 100 239 111 221  29 280  80 153  95
  61  30 184 264]
[23 33 80 22 82 65  3 54]
[6 3]
[283  45  57 186  74   5  30 179 185  49  46 280   6 228 160  88 227 295
  54  41 225 112]
[15 44 35 54 36 32 20 96]
[6 7]
[ 12 142 244  86  94  98 260 278 117 279 205 284 214  66 149  36  90  82
  84  48  44 100]
[30 98 49 88 99 97 61 72]
[6 7]
[248 120 191 173 207 127 201 172 219 143  79  27 166  55 202 131 214 130
 180  58   5 105]
[31 55 32 16 69 45 86 99]
[6 8]
[286 130 222 220 129 156  96   6 169 181 109  59 205 282 158  63 105 185
  30 263 165  28]
[30 37 46 19 63 39 93 99]
[1 3]
[ 50 180 222 253  78  45  58 250 229  30  60  63 189 175  94 282 159  17
 289 181 259 160]
[58 59 41  4 12 10 96 18]
[3 5]
[130  10 282 124  23 267 297  28 296 239  35  27 157 139 211  78 248  19
 234  41  44 179]
[29  4  7 98 41 10 97 94]
[2 6]
[ 71 229 214  46 194  37  65 179 196 273 198  60  34 119 262 220  99 107
 149 128 174  29]
[52 11 94 33 59  7 37 92]
[9 5]
[ 64 297 109  94  34  93 151  76 123 131 200 219 227 101 128 142 298 181
 294 171 284 235]
[68 77 86 21 30 73 16 71]
[6 1]
[127  48 261  43 142 141 124 188 202 115 298  35  74 262 172 118  29 129
 104  36  53  31]
[48 93 65 41 36 89 24 53]
[8 3]
[ 29 199 285 175 251 236 268  24 231 205 266  39 170 173   6 163  14 245
 161  17 218 155]
[ 7 81 38 98 87 14 40 28]
[1 8]
[147 129 208 219 258 237 134  22 101 288 171  21 232 227 146 220 235  59
 199 128  54  94]
[49 37 79 59 14 21 15 19]
[3 8]
[ 24 221 191 174 289 125  34  98  47  41  90 161  93  67  35  81 217 102
 285  66   3   6]
[10 54 80  8 93 46 75 67]
[7 4]
[266 223 116  54 291 286 247  58 209  64 113  61 135 273  30 176 254 202
  99 175 253 151]
[48 59 22 95 62 51 14 85]
[8 6]
[121 275 112   7 272 297 212 221 163 204  28 122 193  15 225 279 133 268
  40 293  47  80]
[92 81 17 32 58 33 88  3]
[6 1]
[278  12 133 107  62 237  70 124 111 230 210 241 155 170  83 227 292 244
 225  79 148 233]
[56 68 13 49 59  6 48 57]
[5 1]
[129 237  41 117 224   1 199 278 153  82 114  97  44  90  63 101  46  61
  34  60 107 162]
[65 10 91 77 47 39 74 40]
[4 7]
[275 117   3  60  74 206 159 264 124 136 254 227 141 270 130 154 115 297
 211 266 132  86]
[ 3 97 65 88 86 92 37 51]
[6 5]
[ 48 253   9 231 298 169  38  30  10 118  13 274 245 236  72 262 269   1
  71 233   2  42]
[10 84 66  9 62 73 35 76]
[7 8]
[138 173  21  36  94  87 129   4  11 187 254 204 284 196 244  16 251 264
  90 198  86 212]
[87 14 68 64 16 36 27 41]
[7 1]
[204 285 183 169  61  86   5  17  46 132 144 286 194  88 207 276 249  28
  21 166 130 110]
[99 40 46 79 76 17 52 24]
[6 5]
[ 94 153 277 168 149 264 182 290 292  19 172  31  26 242  14 245  77 188
 107 275 237 134]
[22 40  7 83 86 38 20 74]
[3 1]
[205 132 285  37 156 200 281 265 219   4 108 213  19  46  48 253 123 196
 153  13  86   9]
[46 78 18 44 90 94 67 70]
[3 2]
[201 174  67  61  49 101 103 130 195  42  12 271  95 152 170 206 114 137
 194  90  77 169]
[50 18 80 75 30 47 33 43]
[6 8]
[ 36 141  87  55 291 175 279  31 203 215 297  33 166 275 263 241 206 235
  85  88 246 148]
[90 55 78 44 12 70 60 63]
[2 7]
[146 235  20 170  70  72 254  89 155 176 258 172 214  49  73 115  39 168
   4 158 119 286]
[82 35  7 61  9  2  6 67]
[1 8]
[  2  90 236  82 203 273 250 217 159 162  44 194 163  85  41  53  76 238
 284 127 222 139]
[50 62 13 83 72 91 36 86]
[3 1]
[136 121 246 210 281 265 145  84 204 279 262  81 201 111 133   5 169  60
 238  63  79   8]
[74 71 15 18 16 30 89 53]
[3 2]
[ 12  70 299 225 218 112 111  55 256 222  87 144   7 298  19 236 249 184
 119 105 209  79]
[16 26 62  8 90 15 56 24]
[2 7]
[ 95 217 256  61 128  49  37 118 109 212 204  63 219 195 206  78 146 260
 129 157 280 133]
[52 42 39 62 78 84 14 51]
[2 8]
[149 158 184 124 190  35 232  99 212 120  79 289 238 180 164 195  97 234
 178  14 224  86]
[33 49 84  1 74  5 80 22]
[2 6]
[  8  52  74  58 190  92 218 291 162 221 136  43 211 220 206  45 268  67
 266 210 187 298]
[13 12 62 44 99 37 61 27]
[2 4]
[ 95  98 178 283 260 104  90  41  81  38  28 253  26  63 252 268  93 239
 214  94  74 154]
[85 19 71 64 28 89 34 46]
[8 9]
[ 81 280  59 254 227 296 106  45 275 133 159  99   3  44 142 202 289 219
 165 109 157  55]
[79 40 21 42 96 35 95 91]
[9 8]
[278 101 290 244 157 186 232 195 149 233  12 271 277 221  25 227 297 187
 250 190 213 208]
[51 21 25 43 12 50 39 84]
[3 1]
[142 259   9  37 244 100 242  66 238 140  21 101 122  82 179 222  10 272
  27  71   7 163]
[29 64 16 87 12  4 77 24]
[5 1]
[202 222  30 163 115 285 122 145  55  64  61 274  83 118 297 134 230 235
  74 149 227 233]
[38 61 96  3 57 44 91 75]
[5 7]
[186  48  81 195 218 121 120  21 240  80 212 265  23  13 254  10 279 173
  36 158  96  47]
[45 89 36 76 31  3 44 64]
[5 7]
[259  98 234 141  75  29 103 109  96  33 233  30 173  74  65 276 229 179
  70 151 186 222]
[25 39 69 90 78 31 32 46]
[5 1]
[203 263 144  19  38  47 228   7 143 270 279  51  22 260 209 152 153  25
 223 236 265  35]
[33 30 47 16 52 93 75 35]
[7 9]
[236  81 170 139 207  93  66  46 252 298 289 204 227  99 286 117  71 257
 280 195 188 128]
[43 68 21 57 58 63 72 94]
[9 3]
[178  26 159 181 149 138 174  31  52 170 236 139  37   4 201  95  35 206
  46 231 147 148]
[ 2 95 83 63 57 14 11 94]
[7 6]
[ 31 117 175 182 186 100  73 246 155 170 185 192 203 128  87 289 161  92
 107 199 299 177]
[20 53 45  5 30 38 14 47]
[6 2]
[236 278 196 254 154 117 296  20 183 279  72  42 153 277 173 212 121 188
 267 263 118  98]
[44 38 99 75 77 33 68 25]
[8 4]
[144  81 283 246 265 263 130 267 293   7 196  64 120  17  42 259 203 104
 217 192 177 152]
[92 39  9 84 82 38 94 45]
[5 3]
[ 19 122 254 156  65 229 183   7 211 195  10 248 289  16 169  51 272  27
 279  77 285 269]
[ 7 55 81 17 10 45 82 21]
[4 2]
[261  35 272 153  38 113 296 165 159 286 171 130 150  53 284  17 189 228
 172 270 227 252]
[10 45 15  5 50 63 56 51]
[7 4]
[190  44 188  75 149 104  34 142 146  26 226 187 201 293 241 117 229 258
 266  90 264 151]
[ 3  5 97 45 63 82 90  4]
[2 1]
[ 93 264 297  69 268  22 138   9 125 267  58  91  97 136 198 191  24 226
  59 189  81  34]
[41 12 99  6 18 95 63 88]
[1 3]
[150 109 172  19 292  74 201 232  93  41 166  60 262 194 114 124 244 144
 149 103   8  76]
[ 2 60 70 10 49 22 67 29]
[3 9]
[132   6 222 235  18  31  70  34 205 145 111 104 288 240 294 233 148 114
  91 243 175  65]
[47 27 61 80 40 37 65 44]
[3 7]
[ 59 118  57  16  68  90 293  34 180 164 235 191 282 195 150 185 151 132
  18  11 125 198]
[34 67 11 88 74 96 22 18]
[6 3]
[200  86  27 178  73 286  22 166 233 265 282 132  35 210 227  59 295 257
  30 243  72  47]
[52 63 19 16 66 39 44 21]
[5 7]
[150 290  55 124 202  52 205  16  45 179 119 162 279 181 163  59  49 127
  38 199  88  11]
[55 15 95 47  7 92 86 90]
[9 2]
[105 200 132  54 295 162 189  47  33   7  19 144 208 172  84  76  81  18
 278  79 169 187]
[20 80 49 27 72  9 39 94]
[5 8]
[113 221 238 104  45 206 108  87 164 294 230  68 147 218   2 141 243  54
 235 160  86 125]
[58 42 40 79 37 32 12 98]
[2 6]
[292 101 212 122  85 100 253 158 167 265 261 116  45  39 157  38 255 186
  59 174  73 133]
[ 9 72 45 11 67 28 90 50]
[8 4]
[ 90 213 210 165 226 117 136  20 216 112  39  81 274 167 251 276 293 232
 104  44 201   6]
[85 91 62 37 30 55 72 52]
[7 4]
[280  44 170  18 137 108  34  88  51 212 227 230  21 189  61  23 254 282
 180 123 154 118]
[62 73  6  3  8 91 82 26]
[1 7]
[168 208  39 101 297  12  25  64  33  56  23  52  72 105  50 253 146 270
 187 150 225 237]
[66 64 32 36 25  3  2 14]
[6 8]
[ 39 218   5 140   9 157 256 281 159  97 224  36 124 209 210 252 178 103
  25  56   7 165]
[76  1 77 12 58 37 44 78]
[9 3]
[ 55  93  47 190 146 259 291 187  23  67  45  19  80 207  69 164 197 145
 188 194 268 267]
[48 58 90 93 63 38 40 73]
[3 1]
[ 17 297 222 262 254 244 294  99 214 116 166 271 114 199 146 205 155 202
 181 246  78 174]
[66 26 98 78 64 33 16 90]
[5 6]
[ 74  23 149 236 113 255 290 289 296 134  85 265  34  99  82  17 239  91
 171 118 294  28]
[ 5 53 57 43 90 23 19 96]
[7 1]
[221 282 283  81 214 231 111   3 269  79  48 180 219 250  76   2 197 252
 216  88  68 284]
[62 80 99 85 10 70 46 25]
[4 6]
[113 206  71 222 257 244   9  12 277  97  36 248  57  25 179 186 103 192
 180 224 128 125]
[17 31  8 19  3 80 71 77]
[7 8]
[181 240 255 128 157 228  42  23  96 179   3 138  15 186 177 168 166 150
 246 108   2  75]
[78 89 61 55 54 31 30 85]
[1 5]
[236 108  56  48 197  46 223 140 167 211   7  92  96 120 103  87 105  89
 113  62  23 166]
[27 34 37 86 98 66 39 59]
[9 4]
[ 22 182 240  91   8  77  52 260 288 138 294 100 149  94 105 162  98  81
 271 132 166 191]
[18 55 83 74 36 72 85 53]
[6 7]
[ 65  32 110  38 276 231 161 296  43  29  23 153 278 149  25 230  30  80
 275 147   7  47]
[79 47 87 74 52 91  2 20]
[3 9]
[108 147  99  79  63  46 164  10 266  48 136 207  57 248 231 203 252  12
  66 169 116  18]
[62 33 68 52 92 13 93 65]
[9 7]
[171 147 117 285 263  43  34  35  45 268 164 274 197  98  37  52 213  65
 168 279 158  27]
[25 79 90 12 27 63 68 94]
[3 1]
[133  56  13 235 167  27 211 222  25 125 277 188  93 267  55  10   6  98
 135 259 112  53]
[92 57 84 99 72 45 51 36]
[7 5]
[152 276 288 105  22 200 260 183  81  64 113 229  28 166 146 291 110   7
 233 112  47  44]
[75 95  2 18 13 38 74 83]
[2 5]
[258  65 282 136   2 186 156 249 180 244 242 165 272 185 178  55 203  44
 121  67 190 139]
[76 41 11 60 45 55 97 29]
[1 7]
[182 216   5 295 288 146 241 212 145 167  96  53  99 296 270 252  75 203
  84 282  14 271]
[45 25 93 90 11 70 41 47]
[1 4]
[ 36  76  48  70 278 272  64  51 112 176 192 195  46 236  24 109 167  45
  77 101 241  61]
[39 30 27 57 89 25 26  9]
[1 6]
[ 48 243  24 251 205 126 100 121 124  78  79 222  76 236 147 260 172  59
  37 270  66 258]
[98 30 49 52 13 16  5 20]
[6 5]
[160 156 236 176 167 200 221 180 105 177 253 292  92 195   8 146  20 233
 234 128 275 286]
[40 51 45 86  8 99 29  5]
[4 1]
[231 275 108  76  77 242 212 167 210 181  34 298 170  18 183  99 146  64
 172 258  96 115]
[68  8 15 88 70 93 10 51]
[1 7]
[148 257 146 231 263 139 106   6 227 121  75  65 119 228 108  28  54  31
  57 296 265   4]
[12 85 88 21 29 74 32 55]
[2 4]
[267 118 137  96  70 157  84 190 281 298 274 160   7  40 130 248 263 183
 243  27  45 117]
[51 96 49 86 50 91 81 95]
[2 3]
[171 185 192 264 286  50 298  42 296   6  91 191 154  73 231 223 275  63
 199  49 114 283]
[77 60 73 16 68 71 57  7]
[3 6]
[ 54 272  61 124 221  43  48 137  69  31 257 173 156 209 100  73 260 224
 228 110 269 214]
[82 75 57  3 91 17 19 99]
[3 5]
[204  38  92 113 165  55 261  85 258 155 216 199 220 130 138 284 120 117
  16 219 173 180]
[53 17 10 86 98 95 79 20]
[5 3]
[242  77  32 235 151 111 153 241 276 105 183 164  39 120 119 209 157 168
 270 122   4 252]
[94 96 32 12 64 31 75 63]
[4 6]
[176 155 220 225  85  86 110 154  93 206 120  64  98 135 188 140 226  68
 281 104 209 267]
[91 13 60 17 70 55 21 69]
[8 3]
[285   4  78 172 265  62 134 155  40 293  46 278 145 289  64   3 194 224
 102  96 190 158]
[96 15 53 36 94 41 99 71]
[1 7]
[225 244 259  49 168 216  26 292 166  56  90  97  17 116 188 288 170 146
 245 232 269  21]
[95 47 86 40 38 62 10 90]
[8 3]
[ 73 276 143 130 224 169 116 168 204 296 248 106 278 293  94 129 184  45
  44  64   8  39]
[82 73 94 24 50 58 79 55]
[8 7]
[207 134 212 162 172 294  57  31 189 245  45 137  85 187 244  51  11  26
 223 188  17 217]
[87 74 88 84 53 91 30 45]
[4 6]
[258 214 256  29  75  24  91 235 165 242  43 247 168  94 225 246  60  50
 124 263  15 149]
[78 53 63 61 58 60 10 75]
[8 2]
[231  21  18  97 141 298  83 129 280 210 261 119  51  60  92  71  30 277
 230 260 124 168]
[32 86 87 31 73 46 65 33]
[6 4]
[133 278 167  10 290 139 289  41  22 163 149 180  77 229  88 164 215  14
  60  66 118 217]
[67 74 79 50 66 94 22 84]
[2 8]
[296 186 201 171 229 204  92 131 299 212 196  25 265 173 289 185 142  65
  23  17  33 188]
[62 32 23 83 12 73 16 88]
[5 6]
[187 198   9 197  23   1 124 275  43 140  25 266  87 241 273 173  42 104
 201 108 278 250]
[96 30 42  4 58 47 62 60]
[1 4]
[ 50  41  77 274  36 151  75   2 232 147  78  23  54 217 246 124 139  63
 297 292 248 160]
[67 27  4 94 11 29 84 63]
[3 7]
[ 28 237 213 166 276 275 227   2 235 251  75  49  34   7 202 129 267 189
 131  16 257   5]
[45 52 55 66 85 29 53 73]
[8 9]
[129 288 285 181 237 148  37 132 193  70 239  42 211  91 299  62 292 263
   9 250 170 127]
[69 67 57 40 54 22 71  2]
[3 2]
[ 93 198 249  82  36 225  77  88 254 170  32 279 141 289 113 146 172 298
 232 124 233 258]
[32 53 94 37 42 35 49 75]
[8 7]
[285 106  50 192  59 159 283  40 183 172 129 258 133 154 176 203 151 262
 169 298  38 193]
[19 47 60 27 65 31  7 76]
[4 8]
[ 39 232 257  45   6 168  52  43 135  89 218 199 151 134 133 147 102 225
   5 231 282 129]
[11 90 75 19 56 49 14  7]
[3 8]
[ 87   5 137 215 138 108 169 102  50 129 291 227 207  74   3 288  65 167
  71 293 204 294]
[29 10  6  9 83 48 84  1]
[9 7]
[ 58 125 114 243 186  75 228   3 286 215 101 220 156  65 266 229 116 206
 263 105 159 251]
[32 26 75 96 63 69 19 76]
[1 9]
[ 44 196 106 128 119  52  80 102 105  84  21 239 101 217  15  83  55 256
  90 156 143 191]
[11 32 21 64 89 43 57 75]
[6 9]
[ 49 238 299 224 142 289 160   1 122 261 213 259   3  41 118  76  25 145
 275  17 212 186]
[29  9 71 10 86 54 74 69]
[2 5]
[226 277  15  79 253 290 133 103 269  86 167  62 135 231 224  77 178 255
 295 128  48 294]
[16 78 33  7 36 18 81 54]
[7 2]
[165 177  93 169  24 257  66 102 281 128  63 142 168 124 170 253 296  70
 178  20 173   1]
[84  5 21 62 43 18 45 37]
[3 4]
[ 99 190 278  89   7 123 259 115 298 199 119 200  74  70 202 186  51  36
  78 228 213 226]
[13 70 52 48 42 39 78 88]
[3 6]
[154  45 217  66 123  43  49  96 198 129 186  92  78 259 253  95  72 291
 191 120  73 296]
[ 9 93 69 82 30 47 85  1]
[9 7]
[231  70  66  58 230 196  55  11 134  54 152 111 235 198  45 172 263 110
 243  23 201  48]
[19 70  1 48 56 47 92 44]
[9 2]
[ 51  83 296 163 279 134 194  75 140  79 173 146 294 274 222 193  94 152
 192  59 225  95]
[42 82 26 72 47 40 32 52]
[4 7]
[190 228  52  24  18 137 148  59 261  43 183 293 244  38 264 212   6 187
 226 282 229 292]
[67 48 70 35 95 82 57 69]
[6 2]
[ 28 167 108 133 295 286  16 254 279 219 112 182  72  24  68  87  94 282
 288 116 146 153]
[92 91 68 34  4 39 77  9]
[3 2]
[ 48 283 213 290   8   2 238  36 115 288  80 203 171 114 185  12 241 164
   9 134 256 224]
[82 34 20  2 69 73 12 50]
[8 9]
[182 244 245 188 184 134  95   2 206 102  96  90 106 133 125  65 160 152
 193 218 235  62]
[43  1 94 93 20 68 42 97]
[4 2]
[248 168  65  45 195 244  76 246  97  66  46 199  42 103 136 121  52  23
 124 289 162  50]
[ 2 19 93 97 22 40 77 26]
[6 1]
[140 252 159 172  38 241  65  31 109 281 208 236 265 170  55 184  49  86
 169 131  45 148]
[ 3 74 11 36 39 31 42 35]
[8 2]
[236 219  91 164 160   4 282   2 296  22  34 283  66 183  24 151  53  45
 132 281 214 229]
[79 92  4 15 45 54 74 20]
[5 9]
[283 152 134  86 258 108 290 298 244 192  46  10 201 136  73 174  42 198
 112 147 122 223]
[27 83 87 56 23 10 64 66]
[7 4]
[116 286 240 258  75 143   9 292  26  34  22 137 101 184  74  61  77 148
   8  93 229 162]
[67 49 88  9 60 85 30 53]
[5 1]
[172  78  34   8 265 249 116 114  32  33 135   3  28 258 257 129 198 189
 282  36 212 275]
[23 93 92 29 28 79 42 34]
[1 8]
[209 230 154  22  55 221  83 264 222 141 265  21  25 112 204  49 111 207
 241 175  32 254]
[96 61 71 62 18 79 19 89]
[9 3]
[284 135 244 225  13 125 122  11 174 287 212  24 190   9  67  78 115 123
 267  40 144  72]
[15 40 38  4 31 84 50 53]
[5 7]
[156 290 241 276  68 258  92  97 246  98  81  48 112 168   1 184  60 213
  96 186   2 146]
[56 33 23 21 39 90 94 83]
[8 5]
[299 239 188  61 160 228 219 102 195  43 213  92  17  12  89 267 164 273
   3  99  34 101]
[86 94 27 35 87 92 74 60]
[1 7]
[110  76 139 266  95 211  96 256 280  92 133  17 132 245  97 155 178 188
 113 168   9 269]
[36 46 54 80 63 19  1  5]
[5 6]
[ 76 119  42 182  72  92  71 167 134 212  70  30 156 153 219  97 160   5
  74 259  11 195]
[ 3 56 24  6 26 87 14 35]
[5 2]
[104 128 209 270 248 297 246 262 275   2 269  45 195 159 124   8 296 197
  36 276 190  92]
[42 93 25 45 98 95 64 99]
[1 5]
[222 100 205  28 153 119 197 201 238 106 239 127 113 210  10 140 271 200
 265 242 263  76]
[78 44 93 25 35 10  3 63]
[2 8]
[147 226 249  53  52 141  93 252  98  82  62 235 116  83 218 299  78 236
 127  30  23 115]
[57 41 58 44 19 26 96 11]
[1 2]
[ 73 290  14 181 275 179 194 221 237 115 145  38  74 157 174 163  11 211
  81 173 168 123]
[98 86 16 85 96 35 45 62]
[4 1]
[237 161 222  35 112 235 211 110 184 285 146  84 204 132 194 286 114 289
 188 245 139  52]
[29 94 12 44 22 18 70 84]
[6 2]
[101 126 168 293 251  69 187 271  13  48  75 190 208 238 264 225 278  44
 248  16  99 147]
[85 65 29 83 64  3 90 84]
[6 3]
[ 10 205  36 151  34 259   4 263  86 217 271 257 134 115  22 123  64  87
  88  70 173 141]
[84 50 86 42 98  1 94 41]
[1 7]
[ 51 202 238 242  32 252 160 222  76   4 144 152 250 106 157 130 136  64
 272 105  65  96]
[58 68 74 98 40 20 15 86]
[7 2]
[237 144 247 148 235  46  24  64  95  16 200 111 209   8  48 224 282 146
  32 180 284 260]
[62 58 18 69 72 24 52 71]
[8 6]
[ 39 298 257 109 161  15  40  98  80  11  99 137  46  43 248  35 166 270
 134 194 141 269]
[73 58 56 74 66 10 50 82]
[8 2]
[152  67 246  85   6  97 103 141  27 173 276 191 107 156 150 212 111 134
 275  77 121 199]
[84  9 34 18 50 58 47 44]
[6 2]
[ 63 238   2 120 208 273 136 116 281  77 169 163 221  25 201 269 295 141
  90 207 200  59]
[61 56  9 16  5 92 72 90]
[7 3]
[101 175  74 123 162 295 250  55  54  27 193  53 144 287  59 234 177  36
 143  49 129 207]
[62 83 87  2 36 44 24  7]
[6 2]
[ 44 284 155 128 107  85 289 193 127 248 110  12 225  88 197  57 281 143
  45 100   5  99]
[98  8 15 52 63 36 57 22]
[3 4]
[  7  10 149 101 108 214  91 161  23 170 230 250 258  84 105 158 134 117
  98 251 123 160]
[12 90 76 48 36 26 86 37]
[2 9]
[170 163 161 188 110 147  82 284  67 258 241 115  11 176  89 293 298 246
 196 160 263   8]
[96  8 83 19 62 15 61 20]
[2 4]
[ 10 257 198 109 124 122  28 284 203  56 139   5 190 205  73 297  40 181
 218 116  71 118]
[66 64  1 83 68 54 37 69]
[5 2]
[ 73 143 253 194 179 201 163 128 254 248 104 187 132  38 255  71  23  25
 216  48 120 225]
[29 70 17 27 99 50 46 35]
[2 4]
[257 228 123   3  25  45  74 115 187 260  61 251 127  26 290  23 206  89
 259 220 167  67]
[43 99 49  4 59 68 71  3]
[5 2]
[255 101 207 263 133 254  69 146 142 235 281  43 143 151 168 273 267  63
 216  74 258 257]
[60 67 58 33 38 55 22 88]
[7 3]
[104 215 256  10 249  65 155 168 197 298  11   8  30  12  87  25 235 201
 195 166 149  67]
[63 31 38 69 11 83 48 58]
[1 8]
[290 149 267 283 222  24 170  95  66 274 122 265  13 127 110 270 234  65
 181 258  80 284]
[52 30 84 90 53 65 59 91]
[1 3]
[115 151 130 152 100  53  12 203  69 226  76 215  96  30  64  31 162  73
 248 222 259 229]
[84 64 49 70 41 29  9 76]
[9 5]
[219 188 113   9  43 251 226  51 112 193 154 115 135 202 111 126  46 102
  65 228  57  92]
[59 54 41 50 64 47 16 89]
[6 8]
[101 220 187 130 232 194  13 289 149 120  88 205 107 170   1 163  58  76
 175 199  87 184]
[46 75 74  2 64 41 63 37]
[6 5]
[ 77 176  42 185 221 161 222  81 197 133 140  23 247 249  61 207 107 172
 241 154 233  27]
[59 41 69 39 89 56 83 16]
[2 3]
[ 22 115 206 227  90 265 178 155 186 264 215 149 117 154 188 248 208 201
 269  41 281 205]
[52 61 26 62 63 97  6 69]
[6 9]
[199 171  21 238 246 119 161  13 295 232  48 105  75  78 182 224  11  22
 219 172 229  82]
[ 9 33 48 14 66 41 43 67]
[6 8]
[205 183  75 155  88 136 131 251 149  66  82 112  43 209  71 267 228 264
  25  10 133 102]
[19 92 64 50 61  6 40 55]
[4 5]
[244  44 114  21  83  41  80  24  88 131 187 132 206  57  31  30 185 251
 296 250 184  58]
[71 96 94 44 38 78 45 18]
[3 9]
[173 230 243  55  62  24 259  43  82  80 177 262  26  25 134   9 133  64
 200  35  88 192]
[15 84 70 39 62 14 90 38]
[4 6]
[ 48  83 141 112  30 299 206 171 119  36 216 142 158  25  75 137  95 177
 283 288 150 145]
[96 99 11 67 21 83 27 32]
[4 5]
[236 200  33  87 114   3 199 136  51  70  16 112 275  47 255   6 223 274
 115 155 246 170]
[65 98 45 89 50 19 33 99]
[4 1]
[161 218  21 100   8  24 149 220 202 283  46 236 246 153 229 171 271 245
 133  65  14 281]
[12 30  2 49 14 97 90 46]
[6 2]
[ 33  97 278  76  67  93 280  38   7 147  92 287  26 169  32 231 131  89
 292 185  63 232]
[14 89  8 72 12 81  4 87]
[1 8]
[ 95 209 121 294  66 232 285  90 215 116 247 219 112  61 271 126  49 231
 156 131 282 265]
[89 95 74 54 71 34 27 44]
[9 4]
[256  18   4  28  98 128 191 220 239 181 268 196 232   1  50 285 225 124
  59  30 216  73]
[26 44  7 66 13 85 73 22]
[2 9]
[295  62 165  34  11 192 279  17 191  31  73  14 102 280 270 274 156  63
 155 296  74 168]
[53 89 84 51 78  9  2 14]
[9 6]
[277 105 171 209  15 232  94  62  52  55 152 111 157 281  78 259 112 121
 280 183 272 211]
[82 94  7 91 63 15 80 99]
[3 2]
[259  56  31 295 112 254 289   2 147 222 197 288  35 294  52 211  97  34
 166 141 132  45]
[67 74 97 99 24 87 92 43]
[8 3]
[281 210   3  89 135 234 200 254   6 287 144  66 125  83 104 207  56  92
 177 216  86  36]
[86 30 40 96 78 98 66 46]
[1 9]
[250 276 140 187 188  37  82 240 210 287 101 194 223  13 133 217  35 221
 288  71 170 147]
[63  9 11 37 76 20 70 43]
[4 6]
[145  30 157 212 272  54 107  43 146 149 115 130 285  55 290 138 288 223
 234 109 215 243]
[ 1 10 76 44 27 75 63 15]
[3 5]
[299 124 213  94 295 188  84 134 205  90 157 298 191  27 147 257 166 168
 187 269 235 271]
[32  7 74 97 99 70 91 93]
[9 5]
[ 74 218 263  43 245 202  88 112  17 158 277 222 127  99   2 259 249   7
  20 244 129 230]
[ 7 48 52 93 99  9 12 53]
[7 5]
[160  90 168 246  53 135  81  45  39 131  67 287  34 237 230  14  15 252
 144 104 277  98]
[ 4 67 93 31 48 41 75 46]
[9 1]
[181  53 159  15  43 264 270 101 142 281  19 284  21  67 294  29 182 106
 137 164 109  31]
[82 55  2 50 52 36 12 58]
[2 4]
[260 252   1  87  98  73 236 169  97  26 131 224  20 288 190  57 203  27
 211 104 177 181]
[66 59 58 94 10 12 91 27]
[3 9]
[160 242 223 208 170  92 142  70 163 115  49 299 167 275 266 148 290  41
 265  57 173 285]
[68 60 93 64 79 23 47 24]
[2 4]
[296  34 179 160 139 223  94 153  73 104 145  45  33  65 242 201  93 276
 108  98 195 261]
[17 34 63 85 56 89 58 93]
[4 6]
[284 143  55  32 237 162  45  50 264   3  22 226 129 267 232  83 107  86
   5 231  29 260]
[ 2  3 29 93 68 21 92 12]
[7 5]
[121 292 139 239  50   4  23 156 290  58 180 213  19 143 228  53  31 185
  39 225 133  86]
[44 51 38 80  8 10 55 76]
[5 4]
[  4 141   5  31 148 247  48 235  83 283 266 249  87 143 101  17 203 295
  14 285 259 158]
[37 50 31 81 49 53 78 86]
[9 4]
[ 68 167 250  87 116 112  37 254 263 258 259  38  27 255 289 224  81 230
  85 252  12 152]
[14 80 52 30 43 67 94 46]
[9 8]
[227 161 253 154 290  87 160 156  75 234 203 287  21 123  84 285 163  36
  88 165 210 235]
[ 2 71 43 42 26 58 37 83]
[9 8]
[286 223 226  35 119 183  17 210   8  57  26  87 199  59 299  24 171 230
  78  62  77 184]
[73 71 48 66 87 83 58 92]
[4 7]
[ 62 197 161  80 256  26 231  78 277 132 225 118 189   1  96 220 251  52
 271  13 262   2]
[82 34 13 38 79 63 87 66]
[2 3]
[189  15 212 248 206 193 225  93  35 198 152 102 204 128  76  96 132 170
 149 174 271 125]
[78  5 43  6 31 50 86 13]
[2 9]
[153 236  78 240 298 237  14  58  81  26 191  64 167 272 276 154 264  50
 225 222 269 230]
[31 16 67 57 46 69 41 84]
[2 7]
[ 83   9 293   3 166 249  70 205 165  64 117 108 225  74 104 243  87 145
 207 126 125  68]
[21  5 97 99 52 83 53 46]
[9 1]
[194  52  64 163 236 280 110 217 243 201 103 149 225 208 133  54 259  22
 178  71 155  18]
[67 45 18 48 66 85  9 16]
[3 5]
[ 55  56 144 151 236 289  48  73 183 296 288 117 170 165 259 275 299 196
 212 217 161 127]
[ 6 61 44 45 27 20 18 32]
[7 5]
[130 185 192  49 219 198  32 271 119 272 176 163 218 113  43 220 155 246
 259 281 179 273]
[99 56 64 78 93 96 14 44]
[3 6]
[114 135  64  86 138 180 152 184  17 139 246 277 104  16  78 225  76 197
 253 218   5  79]
[28 58  8 30 33  6 69 16]
[2 6]
[116  76 200 207 198  80 235 278  83 162 141  40  57 241  71 177 137 255
 291 138 229 124]
[37 79 47  8 65 86 84 74]
[9 1]
[ 37 140 295 149 161 298 197 175 122  71 222 257  13 283  23  88 252 167
  89 189   9 235]
[10 99 88 49 52 89 43 21]
[4 2]
[273 109  97 142 283 126 141 143 232  22 191 164 192  68 160 214 153 183
  35 149  52  54]
[92  6 95 39 43 59 65 85]
[6 9]
[ 50 215   1  53  41 225 128 182   9  65  74  18 214 105 191   6 127 278
 113 267 261 166]
[60 14 45 51 48 65 84  9]
[5 1]
[ 24 291 104  28 114 142   6  67  84 119 110   3 195  53 179 290 289 218
  30 299  72 274]
[54 45  2 40 16 39 88 63]
[4 9]
[  9  68   1 217 113 123  33 161 206 221 279 195 200  97  40 258  80 125
  58  93 276  51]
[ 3 11  1 17 77 83 28 25]
[4 8]
[230 112 195 295 193 157 228 252 219 293 134 239  41 117  44 222 124  32
 131 217 267   7]
[94 15 51 76 35 62 52 27]
[2 3]
[ 95 219  81   2 213 254 121 202 228 222 252  63  61 153 276 221  17 104
  49 201 185   6]
[ 2 89 32 94 71 35 83 27]
[8 3]
[126 156 143 152  60 190 120 109 282  50  81 124 290  53  68 194  72 261
  41 178  64 228]
[17 93 24 48 45 75 41 59]
[7 3]
[118 163 207  24 141 137 274  46 272 133 273 103 261 110 232 130  26 153
 117 198   1 289]
[82 75 32 78 91 28 74 66]
[8 1]
[261 167 211 200 189 264 298 134 111 197  85  37   6 216 223 202  93  26
 281  69 253  64]
[94  5 30  2 37 20 98 48]
[7 6]
[ 61 133  54 130 213  10  80 138 200 211 273  38  40  63  41 201 218 106
  96 127 122 275]
[45 34 65 96  5 83 42  2]
[8 2]
[187 286  57 112  70  84  51 152 150 210 298 182  13 148 249 281 207 102
 172  92 153 228]
[29 20 16 94 30 68 33 75]
[1 5]
[ 26 260 181   3 257 241  66 167 220  52 225   5  55 266  31  60  16 205
 116 182 256 107]
[80 19 33 63 99 93 20 62]
[2 8]
[147 151 126 287 274   7 102  20 168 294  27 122 143 265  91 161 112  56
 188 157 234 167]
[39 84  7 62 11 54 94 82]
[5 7]
[121 260 264 272 204  99 234  63 217  66 109   9 274 133 102 202 283   6
 279  52 132 145]
[32 43 86 84 65 40  2 31]
[7 9]
[ 98 110 272 253 108  88 208 134  74 170 166 168  15 186  79  54 123  95
 258  25 269  59]
[28  4 91 46 16 84 50 85]
[9 2]
[ 99 136 299  93  80 155 270 250 151  33 284 205 117 134 229   9 259 153
 281  63 232 249]
[36 12 87 65 29 25 63 61]
[2 1]
[  4  54 117  19 140 264 199 214 248 194  61  18 192 106 254  69  55  97
 293 286 146  31]
[25 30 21 84 66  1 19 94]
[1 9]
[ 84  87  54 260 119  13 213 200 153  36 175  10 107 282 182 250  15  69
 205  72 169 104]
[95 72 73 24 15 99 38 27]
[6 7]
[295  27 269 262  63  96 132 217  69 188 219 240 235 153 250  39 134  20
 296  93 164  44]
[88 80 46 37 21  6 65 43]
[4 2]
[ 12 139  27 283 211 105 150 219  86 208 160 276 180 210 257 289  15  13
  60  38 228 163]
[ 1 89  5 47  6 33 61 28]
[2 7]
[235 207 241  94 184 248  51   5  27  58 150 226  59 149 183 163   4 127
 224  35 101 102]
[51 29 38 62 44 23 45 20]
[1 6]
[100 230 289 195 216 254  31  71  64 245 295  23 211 122 279 296   7 121
 219  44 274  30]
[59 33 81 97 30 88 94  8]
[1 9]
[267 108 130 295 277  74  28  26 165  59 157  95  10  88 144 159 216  60
 148 131  93 116]
[52 32 64 14  2 85 88 79]
[6 9]
[ 45 187 217  96  69 258 145 166 155  36 195  94 221 263  10  77 269 126
 241 233 212 230]
[77 91 93 75 14 95 87 37]
[2 3]
[205  41 106 142  98 224 174  44   6 147  63 241 279 273 127  24 201 204
 129  71  36 216]
[22 63 96 23 50 53 26 60]
[8 5]
[ 70 109 284 243  60 265 247 257  14  38 286 251 206  90 293 224 297 278
 207  69 209 274]
[60 17 43 33 20 68 77 30]
[2 4]
[294 163 256 262 136 177  13   1  54 208 128 257 201 273  45 115 293 111
 260  76 245 151]
[87 16  5 30 94 45 49 61]
[2 9]
[170 116 177  82 142 258 272  19 294  98   6   4 141  88  60 232 201  99
 188 184 220 255]
[39 12 51 29 47 56 95 20]
[5 8]
[ 65  17 229  41  89 233 201 137 141   1 206 119 245  27  55  49 158 164
 223  97   7 198]
[58  6 36 53 88 20 94 65]
[9 7]
[ 83  72  62 290 136 167 102   1 296  93  24 187  43 249 157 110 182 215
 174 121  30 289]
[ 8 14 77 57 25 36 42 80]
[9 2]
[110 222 156 207  70 112 268 214 226 223 291 269  22 218 161 103 142  59
 100  38  47 257]
[74  7 15 61 38 79 45 35]
[6 8]
[ 44 105 147  49 211 133 239  89 274 294 149 272 165  31 196  73  54 183
 129  14  40  18]
[47 77 63 52 54 80 70 18]
[4 3]
[165 109  32 175 272  18  67 204 111 177 234  34 173 223 285 278 155  42
  57 128 104 256]
[26 89 88  4 71 13 37 23]
[5 2]
[261 275  63 281  40 142  37 244  81 112  28  35 173 254 116 224 182  13
 274 248   9  93]
[94 98 30 38 57 66 71 24]
[4 1]
[139 162 191 235  36 145  86 141 226 137 238   8  95 144 229 103 299   3
 107 158 119 223]
[56 85 13 20 60 30 11 63]
[5 4]
[ 27  57 266  87 208 193 172 112  90 185 274 108  75 140   4  43  73 134
 119   6 236 252]
[ 1 78 32  4 63 10 82 54]
[3 2]
[  2 278 128  76 195 226 239 281 297 283 186 264 236  36 122 177  52 132
 125  95  41 127]
[35 83 40  6  8 90 44 65]
[6 1]
[ 24 279  10  28 106 253 184 112  58 223 142 130  18  74 254  15 250  29
 123 203 141 227]
[96 68 66 40 84 97 42 73]
[7 8]
[277 117 289 189 270 275  21 255 154 225 185 285 296 286 145 203   3 130
  91  88 267 116]
[50 74 33 67 17 57 84  1]
[1 3]
[188  84 228 259  46 146 253 286 176 123 136 240 235 173 274 116 226  44
 294 142  47 201]
[ 2 45 74 75 28 19 14 56]
[7 2]
[143 118  98 228  80 153  90 248 250 148 193  77   6  47 110 290  17 205
 140 123 253 170]
[46 64 99 60 38 13 79 45]
[6 2]
[236 202  50  71 231 239 184 242 158  88 203  39 234   6 206 159  21 189
  92 195  34  85]
[66 25 73  1 62 43 36  5]
[6 2]
[ 45  69 257 288 267 149 294 135 276 210 131 230 105 136  65 202  42 295
 169  78  10 151]
[11 36 93 34 97 33 80 55]
[1 2]
[169 263  82 257 282 212  15 260 190 194 256  30 133 288 105 184 208 296
 255 237  52 205]
[88 27 68 72  8 89 71 35]
[3 6]
[  1 226 187 228 165 289 194  43  83  71 254 140 238  42 231 195  88  49
  28 122 293 256]
[87 39 17 83 43 30 10 29]
[3 6]
[185 198 221  21 278 273  58 172  82 290  94 106  92 196 261 187 294 188
  10 287 100 268]
[42 54 67 93 64 12 38 90]
[8 5]
[240  54  48 193 108  93  28  17 209  31 221  51 292 176 251 210 249 162
 115 184 113 114]
[39 58 88 84 98 51 74 77]
[3 4]
[172  32 146  90 251 173 112 125 152 265  40 259 184  43 213   9 195  54
 273 221 248 218]
[14 65 36 57 11  2 27 42]
[8 2]
[ 39 157 149 251  60 199  87 280  29  92 119 228 252  28  19 288 169  38
 187 249 188  65]
[62 29 28 91 16 39 98 58]
[7 1]

