0.854
0.8348
0.761
0.8603
0.8383
0.8314
0.8496
0.817
0.8766
0.8519
0.8338
0.8286
0.8696
0.8837
0.8557
0.8665
0.858
0.8609
0.858
0.8401
0.8478
0.8698
0.8728
0.8258
0.8864
0.8811
0.8779
0.8312
0.8729
0.8551
0.8798
0.8586
0.8379
0.8257
0.8723
0.854
0.8687
0.8545
0.8738
0.8509
0.8661
0.8471
0.8518
0.8646
0.8599
0.834
0.8427
0.7911
0.8498
0.8041
0.8502
0.8513
0.8626
0.8689
0.8588
0.8863
0.8407
0.8688
0.8566
0.8638
0.8593
0.8582
0.8473
0.8775
0.8469
0.8705
0.8149
0.8701
0.8635
0.86
0.7664
0.8528
0.8767
0.8398
0.8309
0.8748
0.8588
0.8547
0.88
0.873
0.7851
0.8619
0.8536
0.8367
0.8551
0.8723
0.8345
0.853
0.8109
0.8299
0.8559
0.8819
0.8525
0.8754
0.8331
0.8469
0.8224
0.8473
0.8634
0.8098
0.8613
0.8529
0.8538
0.8736
0.8898
0.8886
0.8668
0.858
0.8925
0.8286
0.8506
0.8764
0.8694
0.8671
0.8677
0.8285
0.8551
0.8799
0.8517
0.8526
0.8667
0.8628
0.8673
0.8772
0.8659
0.8693
0.856
0.832
0.8699
0.8502
0.8338
0.8164
0.8456
0.8585
0.88
0.8783
0.8759
0.8654
0.872
0.852
0.8782
0.8298
0.8725
0.8662
0.8585
0.8505
0.876
0.8675
0.8734
0.8721
0.8724
0.8373
0.8845
0.8635
0.875
0.8674
0.8116
0.8413
0.8531
0.8653
0.8383
0.8223
0.8716
0.8017
0.8669
0.8512
0.8282
0.8625
0.8366
0.8421
0.8637
0.8055
0.8644
0.8339
0.8825
0.8583
0.799
0.8187
0.8707
0.8301
0.8622
0.8788
0.8803
0.8429
0.8629
0.8379
0.8634
0.8742
0.8764
0.8712
0.8702
0.8673
0.8479
0.8715
0.8423
0.8521
0.8722
0.8408
0.8668
0.841
0.8621
0.864
0.8581
0.8478
0.8612
0.8358
0.8546
0.8406
0.8773
0.8814
0.8739
0.8841
0.865
0.8364
0.8402
0.8488
0.8522
0.8566
0.8271
0.8579
0.8758
0.8698
0.85
0.865
0.868
0.8348
0.8196
0.8734
0.8704
0.8784
0.8673
0.8576
0.8768
0.8501
0.8304
0.8737
0.8643
0.8383
0.8692
0.8421
0.8585
0.8633
0.8652
0.8693
0.8602
0.8492
0.8721
0.8726
0.859
0.8276
0.8851
0.8749
0.8668
0.8266
0.7829
0.8931
0.8478
0.8792
0.8868
0.8621
0.8488
0.8743
0.8656
0.8594
0.8648
0.884
0.8557
0.8555
0.8498
0.8707
0.874
0.8695
0.8623
0.8409
0.8556
0.858
0.8409
0.8268
0.8733
0.872
0.8464
0.8647
0.8547
0.8596
0.8548
0.8739
0.8844
0.8256
0.8618
0.8608
0.8732
0.8487
0.8611
0.8654
0.8745
0.8286
0.8488
0.8689
0.8606
0.8576
0.8749
0.891
0.8799
0.8727
0.8598
0.8264
0.8699
0.8793
0.8483
0.8666
0.8594
0.8309
0.848
0.8922
0.873
0.8826
0.8794
0.8764
0.8554
0.8797
0.8893
0.883
0.8826
0.858
0.8839
0.84
0.8516
0.8637
0.8513
0.8624
0.8425
0.873
0.8765
0.7893
0.8715
0.8822
0.8495
0.8547
0.8741
0.8503
0.8385
0.8522
0.7861
0.8029
0.8423
0.8639
0.8788
0.8842
0.814
0.8805
0.8893
0.8693
0.8343
0.8211
0.8835
0.883
0.8563
0.8763
0.8744
0.8662
0.8682
0.8728
0.8649
0.8531
0.823
0.8565
0.8125
0.8701
0.8442
0.8469
0.8655
0.8522
0.8624
0.8707
0.8404
0.8467
0.8535
0.8516
0.8606
0.8682
0.8607
0.8605
0.8637
0.8587
0.8803
0.8771
0.8465
0.8533
0.8727
0.8661
0.8557
0.8186
0.8394
0.8538
0.8069
0.876
0.8352
0.8524
0.8208
0.8542
0.8618
0.8534
0.8518
0.8551
0.891
0.8532
0.8299
0.8732
0.8582
0.8621
0.8751
0.8803
0.8086
0.839
0.8795
0.8626
0.8615
0.8597
0.8524
0.8355
0.85
0.8616
0.8692
0.8504
0.8632
0.8601
0.8642
0.8562
0.8752
0.8598
0.8177
0.8426
0.8245
0.8955
0.8796
0.8729
0.8434
0.8252
0.8224
0.8704
0.8697
0.8506
0.8469
0.8699
0.8646
0.8659
0.8681
0.8235
0.8397
0.8721
0.8694
0.8321
0.8565
0.8715
0.8704
0.8698
0.8563
0.8545
0.8866
0.8801
0.8828
0.8601
0.8352
0.8717
0.8565
0.8841
0.8467
0.8524
0.8634
0.8384
0.8923
0.8669
0.8488
0.8709
0.8708
0.8172
0.8514
0.8691
0.8424
0.8567
0.8802
0.8396
0.8575
0.8658
0.8585
0.8763
0.8325
0.8502
0.8304
0.8751
0.8807
0.8609
0.866
0.8685
0.8515
0.8526
0.8645
0.8533
0.8004
0.8765
0.8704
0.8504
0.8694
0.878
0.8594
0.8623
0.8631
0.8548
0.8407
0.8414
0.8807
0.8505
0.848
0.8408
0.8704
0.8673
0.8274
0.8294
0.8675
0.8581
0.8673
0.8479
0.8209
0.8241
0.8329
0.869
0.8478
0.8377
0.8593
0.7991
0.8598
0.8558
0.8582
0.8564
0.8781
0.8614
0.8674
0.8307
0.8813
0.8809
0.8525
0.8677
0.8885
0.8498
0.8536
0.8321
0.8571
0.8794
0.8453
0.8379
0.854
0.8857
0.8746
0.886
0.8738
0.8326
0.8444
0.8652
0.8607
0.8538
0.8557
0.8832
0.8236
0.874
0.8735
0.8458
0.8359
0.8812
0.8483
0.8518
0.8711
0.8681
0.8693
0.8713
0.8436
0.87
0.8627
0.8698
0.8711
0.8628
0.8584
0.8624
0.8508
0.8455
0.8416
0.7885
0.8843
0.8423
0.8433
0.8486
0.8579
0.8876
0.8748
0.8285
0.8594
0.8663
0.8389
0.8538
0.8516
0.8379
0.8181
0.8764
0.8606
0.88
0.861
0.8534
0.8121
0.8639
0.8803
0.8592
0.8816
0.8642
0.8414
0.8707
0.8417
0.8538
0.8414
0.8699
0.8441
0.8541
0.8638
0.8543
0.8462
0.8497
0.8656
0.8784
0.8683
0.8366
0.8713
0.8478
0.8757
0.8673
0.8608
0.8518
0.8546
0.8546
0.8516
0.8327
0.8618
0.8506
0.8498
0.855
0.8292
0.8606
0.8392
0.8558
0.8641
0.8394
0.8725
0.8667
0.8598
0.8133
0.8385
0.8163
0.8833
0.8377
0.8541
0.845
0.8215
0.7712
0.885
0.866
0.8648
0.8506
0.8442
0.8396
0.8511
0.874
0.8774
0.8693
0.8658
0.8743
0.8755
0.8617
0.8835
0.8101
0.8771
0.8868
0.8247
0.8691
0.8679
0.8748
0.8538
0.8237
0.8804
0.8334
0.8595
0.8636
0.8616
0.8383
0.8636
0.8722
0.8196
0.866
0.8453
0.8247
0.8361
0.8274
0.8639
0.8444
0.8502
0.8811
0.8766
0.8504
0.8588
0.8356
0.8886
0.8353
0.8078
0.8675
0.8468
0.8364
0.8202
0.8568
0.8523
0.8765
0.8639
0.8501
0.8547
0.8629
0.8472
0.8779
0.8386
0.8444
0.8453
0.879
0.8708
0.8525
0.8642
0.878
0.8725
0.8444
0.8765
0.8349
0.8752
0.8593
0.8714
0.8477
0.827
0.8486
0.8469
0.8676
0.882
0.8373
0.8402
0.8824
0.8719
0.8598
0.8183
0.8384
0.8418
0.8648
0.8083
0.865
0.8554
0.8765
0.8704
0.8721
0.8566
0.8736
0.8566
0.8703
0.7967
0.8189
0.8781
0.8372
0.8684
0.8043
0.8175
0.8655
0.8582
0.8401
0.8892
0.8441
0.8497
0.8626
0.8576
0.8238
0.8679
0.8443
0.856
0.861
0.8613
0.7981
0.8728
0.8567
0.8929
0.8813
0.7781
0.8414
0.878
0.8509
0.8749
0.8448
0.8525
0.8762
0.8622
0.7901
0.8479
0.8351
0.862
0.8506
0.8568
0.8622
0.871
0.8617
0.8717
0.8512
0.8631
0.8143
0.8736
0.8729
0.8627
0.879
0.8824
0.8211
0.8547
0.8634
0.8688
0.8745
0.8272
0.864
0.8622
0.8482
0.8619
0.8754
0.7798
0.7734
0.8482
0.8431
0.8673
0.8772
0.8833
0.8718
0.8768
0.8371
0.8345
0.8208
0.8559
0.8552
0.8517
0.8414
0.855
0.7857
0.7952
0.8686
0.8515
0.8739
0.8796
0.8372
0.8152
0.8562
0.8764
0.8517
0.8742
0.8827
0.8664
0.8601
0.8506
0.8463
0.8292
0.8757
0.8402
0.8665
0.8593
0.8403
0.8679
0.8681
0.8295
0.8663
0.8707
0.8849
0.8444
0.8311
0.8264
0.8527
0.8742
0.8562
0.8601
0.8715
0.8422
0.8707
0.8174
0.8422
0.874
0.8022
0.8582
0.8537
0.8695
0.8688
0.8763
0.8614
0.8342
0.8668
0.847
0.8601
0.8161
0.8572
0.8695
0.8755
0.8652
0.8646
0.8661
0.8684
0.8548
0.8824
0.8362
0.8509
0.8842
0.8678
0.8416
0.8608
0.8431
0.8741
0.8667
0.8396
0.8539
0.8288
0.8312
0.8766
0.857
0.8223
0.8563
0.7982
0.861
0.8295
0.8594
0.876
0.8497
0.8443
0.86
0.8697
0.841
0.8629
0.8289
0.8326
0.8791
0.8423
0.8681
0.8752
0.8633
0.8744
0.8577
0.8589
0.8473
0.8301
0.8734
0.7902
0.8864
0.8785
0.8685
0.8617
0.8404
0.8377
0.8443
0.8729
0.8102
0.8181
0.8511
0.8807
0.8617
0.8742
0.8833
0.8607
0.8481
0.858
0.8585
0.7946
0.8749
0.85
0.8802
0.8442
0.8173
0.8411
0.8841
0.8816
0.8679
0.8249
0.861
0.8763
0.8749
0.8538
0.8395
0.8743
0.8537
0.8502
0.8551
0.8686
0.8532
0.8719
0.8518
0.8887
0.8744
0.8692
0.8712
0.8545
0.8719
0.8492
0.7958
0.8371
0.8619
0.8631
0.8616
0.8555
0.8602
0.8818
0.8793
0.862
0.8503
0.8586
0.8756
0.8342
0.8614
0.8556
0.8331
0.832
0.8548
0.8527
0.8193
0.8652
0.8319
0.8188
0.8457
0.8544
0.8813
0.8697
0.8226
0.8503
0.8208
0.8177
0.8235
0.8529
0.8653
0.8689
0.8725
0.8681
0.8291
0.8694
0.8509
0.8279
0.8452
0.8369
0.84
0.8102
0.8551
0.8532
0.8731
0.8782
0.8776
0.8637
0.8526
0.8634
0.8686
0.8585
0.8379
0.8368
0.8515
0.8738
0.8433
0.8597
0.8511
0.8716
0.8717
0.856
0.8733
0.8576
0.8502
0.8148
0.8519
0.8686
0.8659
0.8678
0.8601
0.84
0.8545
0.8675
0.8386
0.8525
0.8287
0.8301
0.8971
0.8819
0.8787
0.8673
0.8432
0.8441
0.8762
0.8832
0.8782
0.834
0.8606
0.8556
0.8541
0.8498
0.8114
0.8538
0.8446
0.8729
0.8618
0.8764
0.8389
0.8723
0.8746
0.8671
0.8607
0.8278
0.8491
0.8519
0.8812
0.8211
0.8827
0.8763
0.8377
0.864
0.8257
0.8696
0.8444
0.8715
0.8632
0.8778
0.858
0.8527
0.8642
0.8633
0.8497
0.8738
0.8807
0.834
0.8459
0.8634
0.8936
0.8466
0.8746
0.8606
0.8442
0.8877
0.8614
0.8687
0.8764
0.8616
0.8676
0.8574
0.8638
0.8806
0.8396
0.8705
0.8741
0.8679
0.8572
0.8702
0.8554
0.8705
0.8868
0.8182
0.7958
0.8408
0.835
0.8749
0.8798
0.8612
0.8698
0.8447
0.846
0.8463
0.848
0.8634
0.8596
0.8497
0.8704
0.8668
0.8386
0.8611
0.8702
0.8784
0.833
0.8755
0.8459
0.8682
0.8674
0.8654
0.8789
0.867
0.857
0.8531
0.8756
0.8876
0.8658
0.8752
0.8761
0.8409
0.853
0.789
0.8409
0.88
0.8805
0.8646
0.829
0.8604
0.869
0.8658
0.8358
0.8419
0.8454
0.8788
0.8554
0.8777
0.8315
0.8534
0.818
0.8694
0.8315
0.8732
0.8373
0.8074
0.8769
0.849
0.834
0.8692
0.7996
0.865
0.8493
0.8676
0.8567
0.851
0.845
0.8436
0.8476
0.8558
0.8782
0.8552
0.8438
0.8324
0.8575
0.8651
0.873
0.8376
0.8638
0.8524
0.8753
0.8635
0.8773
0.8311
0.8362
0.8594
0.8688
0.8652
0.8855
0.8357
0.859
0.8277
0.8687
0.8334
0.8456
0.866
0.8813
0.8697
0.8663
0.8255
0.8298
0.8558
0.82
0.868
0.8398
0.8089
0.8448
0.8728
0.8554
0.8659
0.8567
0.8685
0.8254
0.8742
0.8703
0.8506
0.8208
0.8638
0.8484
0.8755
0.8639
0.8628
0.8481
0.8578
0.8264
0.8391
0.8701
0.8526
0.8376
0.8544
0.8377
0.8662
0.8266
0.8678
0.8291
0.8736
0.874
0.8504
0.8802
0.88
0.8425
0.8694
0.8464
0.8548
0.8503
0.8336
0.8568
0.851
0.8272
0.8301
0.852
0.8464
0.8421
0.89
0.8758
0.8398
0.8536
0.8628
0.8808
0.8572
0.8572
0.867
0.8122
0.8634
0.8456
0.8757
0.8539
0.8439
0.8676
0.843
0.8619
0.8512
0.8549
0.8489
0.8201
0.8832
0.8494
0.8835
0.8517
0.8488
0.8654
0.8544
0.8667
0.8725
0.8204
0.8639
0.8667
0.86
0.8088
0.8421
0.7566
0.8774
0.8343
0.8679
0.8743
0.8232
0.8683
0.8523
0.8233
0.8606
0.8726
0.8646
0.848
0.8529
0.854
0.868
0.856
0.8718
0.8698
0.8617
0.8727
0.8782
0.8847
0.8588
0.8541
0.8578
0.8682
0.8443
0.8793
0.7117
0.8152
0.8627
0.8518
0.8661
0.8378
0.8611
0.8464
0.8905
0.8696
0.8523
0.8663
0.8506
0.8278
0.8011
0.8652
0.8671
0.8362
0.8882
0.8653
0.8324
0.8613
0.8513
0.8686
0.8787
0.8832
0.8646
0.8607
0.7982
0.8711
0.8519
0.8482
0.8521
0.8846
0.8513
0.8707
0.772
0.8273
0.8597
0.8965
0.8627
0.8764
0.8719
0.8335
0.8448
0.8362
0.869
0.8087
0.8493
0.8327
0.8613
0.8537
0.8564
0.849
0.8698
0.8715
0.8823
0.8501
0.8277
0.8718
0.8406
0.8641
0.8676
0.8654
0.8622
0.8548
0.8655
0.8526
0.8168
0.8138
0.8556
0.8637
0.854
0.836
0.7984
0.8437
0.8394
0.8668
0.8732
0.8592
0.8618
0.8784
0.8861
0.8699
0.8737
0.782
0.7687
0.8437
0.8774
0.8671
0.8689
0.8749
0.8707
0.8285
0.8451
0.8705
0.859
0.867
0.8369
0.8553
0.8701
0.8745
0.854
0.8552
0.8295
0.8278
0.8715
0.8721
0.847
0.8601
0.8597
0.8408
0.8661
0.8665
0.8614
0.875
0.8691
0.8715
0.8848
0.8658
0.8606
0.8457
0.8708
0.8416
0.8579
0.8805
0.8617
0.8573
0.8537
0.8537
0.8587
0.8336
0.8851
0.8652
0.8623
0.8537
0.8499
0.8588
0.8656
0.8279
0.8299
0.8315
0.8701
0.8605
0.8566
0.8805
0.8596
0.8651
0.8635
0.8445
0.8823
0.8447
0.8685
0.8659
0.8525
0.8826
0.865
0.869
0.8403
0.8638
0.8666
0.8631
0.8786
0.874
0.8788
0.841
0.8882
0.8546
0.8546
0.8895
0.8818
0.878
0.8583
0.8382
0.8634
0.8693
0.8537
0.8455
0.786
0.8755
0.8527
0.8603
0.8129
0.8563
0.8586
0.7905
0.8564
0.8689
0.8651
0.8667
0.8803
0.8584
0.8262
0.8773
0.846
0.8618
0.8647
0.8335
0.8669
0.8239
0.8271
0.8612
0.8556
0.8709
0.866
0.8418
0.8535
0.8491
0.8325
0.8578
0.8487
0.8733
0.8338
0.876
0.87
0.8703
0.8676
0.8341
0.8695
0.8474
0.8695
0.8697
0.8521
0.8557
0.8534
0.815
0.8465
0.8877
0.8454
0.8613
0.8597
0.8198
0.8831
0.8819
0.8562
0.8614
0.8495
0.8379
0.8714
0.8644
0.8612
0.8719
0.8564
0.8616
0.8244
0.8705
0.8716
0.8593
0.8199
0.8596
0.8351
0.8324
0.8266
0.839
0.8652
0.8683
0.891
0.8554
0.8599
0.8474
0.8825
0.8771
0.8521
0.8322
0.8671
0.8709
0.839
0.8706
0.8379
0.8552
0.8719
0.8736
0.8552
0.8434
0.8875
0.8291
0.8555
0.86
0.8812
0.8744
0.8771
0.8781
0.869
0.8441
0.8594
0.8844
0.8529
0.8619
0.8708
0.8579
0.8796
0.8394
0.8704
0.85
0.839
0.8569
0.8728
0.8619
0.8202
0.8875
0.8702
0.805
0.8616
0.8713
0.8694
0.8648
0.8802
0.8736
0.8714
0.8521
0.8549
0.8702
0.8679
0.862
0.7865
0.8784
0.8731
0.8421
0.8361
0.8421
0.865
0.8408
0.8707
0.8673
0.892
0.8473
0.8708
0.8727
0.8437
0.8677
0.8683
0.8729
0.8679
0.8782
0.8565
0.825
0.8288
0.8649
0.8566
0.8809
0.8689
0.869
0.8652
0.8206
0.8932
0.8943
0.8807
0.8656
0.8621
0.8413
0.8544
0.8649
0.8682
0.8523
0.815
0.8383
0.8673
0.8693
0.8072
0.8421
0.8585
0.8571
0.8829
0.8688
0.8639
0.8657
0.8485
0.8677
0.8701
0.8369
0.8393
0.8099
0.8892
0.819
0.8607
0.8702
0.8545
0.8316
0.8736
0.8374
0.8212
0.8706
0.8431
0.8374
0.829
0.8329
0.8514
0.8662
0.8661
0.8654
0.8226
0.8783
0.8561
0.8747
0.8228
0.8709
0.8543
0.8383
0.8442
0.8745
0.8691
0.8556
0.8697
0.8598
0.8726
0.8322
0.8557
0.8577
0.8599
0.8384
0.8533
0.8325
0.8668
0.8624
0.879
0.8734
0.8643
0.8577
0.8519
0.8204
0.8719
0.8403
0.8508
0.8239
0.8337
0.8371
0.8797
0.8439
0.8619
0.864
0.8714
0.8617
0.8766
0.8255
0.8731
0.8305
0.856
0.822
0.8614
0.8552
0.8571
0.8634
0.8579
0.8872
0.8595
0.8739
0.8744
0.836
0.7922
0.8645
0.8519
0.85
0.8535
0.8339
0.8578
0.8605
0.8592
0.8612
0.8647
0.8549
0.8504
0.8233
0.8662
0.8795
0.8776
0.8455
0.8217
0.863
0.847
0.8645
0.8645
0.8846
0.8664
0.8701
0.8894
0.8603
0.8354
0.8511
0.8337
0.8599
0.8784
0.869
0.8261
0.8153
0.8561
0.8565
0.8682
0.7657
0.8838
0.8732
0.8341
0.8627
0.8757
0.8406
0.8016
0.806
0.8468
0.8333
0.8593
0.8622
0.8849
0.8416
0.8398
0.8853
0.8759
0.8732
0.866
0.8587
0.8672
0.8519
0.8256
0.8652
0.8608
0.818
0.8697
0.8581
0.8669
0.8475
0.8542
0.8813
0.8638
0.8394
0.8622
0.84
0.8851
0.8615
0.8501
0.8586
0.8593
0.827
0.8728
0.8746
0.8437
0.8341
0.8604
0.8611
0.8256
0.8725
0.8581
0.8588
0.8679
0.8877
0.8316
0.8582
0.8516
0.8504
0.8501
0.843
0.8812
0.8747
0.8587
0.826
0.7936
0.8816
0.8322
0.8732
0.8622
0.8611
0.8285
0.8612
0.8715
0.8357
0.8611
0.8727
0.8648
0.8553
0.8342
0.8848
0.86
0.8679
0.8749
0.8826
0.8471
0.8521
0.8039
0.8674
0.8532
0.838
0.865
0.8785
0.8906
0.8516
0.8272
0.878
0.8643
0.8343
0.8404
0.8707
0.8598
0.8559
0.8643
0.7914
0.8644
0.8825
0.8737
0.8312
0.839
0.8543
0.85
0.8647
0.8327
0.8936
0.844
0.8554
0.8303
0.8483
0.8039
0.8501
0.8463
0.8563
0.8564
0.878
0.8836
0.8232
0.8726
0.8851
0.8583
0.822
0.8667
0.8771
0.8681
0.8592
0.8609
0.8526
0.8595
0.8768
0.8648
0.8728
0.8671
0.8758
0.8705
0.7885
0.8733
0.8619
0.871
0.8283
0.8408
0.8808
0.8764
0.8689
0.8561
0.8681
0.8571
0.8759
0.8827
0.8666
0.8554
0.7647
0.8527
0.8643
0.8801
0.8466
0.8385
0.8689
0.8582
0.868
0.8584
0.8619
0.8188
0.8484
0.8731
0.8647
0.8577
0.8667
0.8415
0.8382
0.8652
0.8888
0.8411
0.8747
0.8581
0.8684
0.8688
0.8539
0.8583
0.8745
0.8865
0.8378
0.8653
0.858
0.8121
0.818
0.8753
0.8534
0.873
0.837
0.8581
0.824
0.8581
0.8623
0.8525
0.8798
0.837
0.8712
0.8452
0.8765
0.8351
0.8546
0.8754
0.8421
0.8818
0.8694
0.8759
0.8757
0.8795
0.8789
0.7486
0.8865
0.8602
0.8585
0.8814
0.8582
0.8709
0.8596
0.837
0.8575
0.8351
0.8841
0.8625
0.8608
0.8617
0.8767
0.8766
0.8791
0.8948
0.8728
0.8523
0.8655
0.8675
0.856
0.8586
0.8626
0.8515
0.8862
0.8426
0.8248
0.8497
0.884
0.8699
0.8555
0.8779
0.8603
0.8553
0.8718
0.8451
0.8638
0.8448
0.8408
0.8819
0.8658
0.872
0.8743
0.8707
0.8678
0.8682
0.8442
0.8314
0.8592
0.8695
0.863
0.8686
0.8888
0.8667
0.7751
0.8319
0.6866
0.8648
0.8197
0.8695
0.8773
0.8438
0.8507
0.8571
0.8597
0.8659
0.8547
0.8679
0.8566
0.7882
0.8592
0.799
0.8538
0.8541
0.8697
0.8826
0.8562
0.8582
0.8598
0.8709
0.7994
0.8757
0.8178
0.8453
0.8723
0.8826
0.8338
0.8528
0.8664
0.8536
0.8086
0.8498
0.8477
0.8363
0.8438
0.8772
0.8573
0.8609
0.8426
0.861
0.872
0.8758
0.8759
0.8539
0.8733
0.8736
0.8224
0.8607
0.8463
0.8516
0.8829
0.8572
0.8768
0.8362
0.8672
0.8743
0.8494
0.8741
0.8649
0.8838
0.8219
0.88
0.8455
0.8554
0.8691
0.8346
0.844
0.8157
0.8806
0.8853
0.8214
0.8738
0.8325
0.8688
0.8725
0.8673
0.8607
0.8701
0.8637
0.8602
0.875
0.8684
0.8691
0.8572
0.8574
0.8581
0.8366
0.8848
0.8724
0.861
0.8416
0.844
0.8487
0.8319
0.8819
0.8735
0.8306
0.8774
0.881
0.8578
0.891
0.8788
0.8661
0.8506
0.861
0.8641
0.8434
0.8563
0.8728
0.8655
0.8849
0.8508
0.8575
0.8648
0.8772
0.8053
0.8428
0.8453
0.865
0.8599
0.8121
0.8392
0.8686
0.8658
0.8547
0.8606
0.8416
0.8633
0.834
0.8637
0.8589
0.8644
0.83
0.8811
0.8929
0.885
0.7982
0.8519
0.8827
0.8488
0.8331
0.85
0.8409
0.8531
0.8594
0.8652
0.8373
0.8594
0.8716
0.8556
0.8625
0.8727
0.8528
0.8824
0.8618
0.8284
0.8758
0.8198
0.8505
0.8288
0.8775
0.8452
0.8832
0.8751
0.824
0.8408
0.8668
0.8734
0.8709
0.8608
0.8481
0.8181
0.8303
0.8474
0.8834
0.8301
0.8744
0.8748
0.8836
0.8807
0.859
0.862
0.8515
0.8481
0.818
0.8617
0.8397
0.8812
0.8578
0.8507
0.868
0.8492
0.8801
0.8592
0.8387
0.8744
0.8826
0.855
0.8546
0.8865
0.8723
0.8395
0.8749
0.8749
0.8411
0.8717
0.8793
0.8549
0.8804
0.8777
0.8218
0.8711
0.8378
0.8738
0.8661
0.8669
0.8525
0.869
0.8658
0.8397
0.8747
0.877
0.8445
0.8837
0.8755
0.8427
0.8777
0.8625
0.832
0.8774
0.8778
0.8726
0.871
0.835
0.7963
0.8748
0.8379
0.8774
0.8772
0.8538
0.8538
0.836
0.8413
0.8394
0.8313
0.8563
0.835
0.8575
0.8676
0.8555
0.8645
0.8576
0.8522
0.8599
0.8387
0.8661
0.8552
0.8512
0.8619
0.8718
0.8688
0.8103
0.8223
0.8509
0.8661
0.8509
0.8643
0.8544
0.8251
0.8415
0.829
0.8424
0.864
0.8452
0.878
0.8768
0.8686
0.8172
0.8417
0.8507
0.879
0.88
0.8607
0.874
0.8706
0.8518
0.8782
0.8698
0.8731
0.8662
0.8645
0.8659
0.8595
0.8589
0.8694
0.8286
0.8254
0.867
0.8675
0.8886
0.8679
0.8603
0.8261
0.8734
0.8317
0.8402
0.8612
0.8667
0.8749
0.8512
0.8591
0.8348
0.8671
0.8564
0.8705
0.8438
0.8763
0.844
0.8668
0.8637
0.8768
0.8501
0.8422
0.8388
0.8599
0.8541
0.8455
0.8683
0.8677
0.8788
0.8619
0.8729
0.8469
0.8686
0.8544
0.8578
0.892
0.8494
0.8587
0.8425
0.8847
0.8194
0.8727
0.8381
0.8626
0.8512
0.8823
0.8501
0.8711
0.8707
0.8434
0.8676
0.8565
0.8119
0.8711
0.873
0.8609
0.8683
0.8592
0.8544
0.8852
0.843
0.8155
0.8485
0.8063
0.858
0.8532
0.8567
0.8869
0.8384
0.8727
0.877
0.8712
0.8599
0.8448
0.859
0.8707
0.8639
0.8666
0.848
0.8631
0.8576
0.8832
0.8499
0.8712
0.8568
0.8492
0.8799
0.8532
0.8709
0.8454
0.8759
0.8766
0.865
0.8579
0.8423
0.8715
0.888
0.8415
0.8607
0.8489
0.8837
0.8592
0.8765
0.8671
0.861
0.8515
0.86
0.8214
0.8583
0.8515
0.8772
0.8609
0.841
0.8371
0.8555
0.8291
0.8177
0.8706
0.8534
0.8167
0.8591
0.8518
0.8656
0.8729
0.8648
0.8665
0.8774
0.8617
0.8699
0.8604
0.8278
0.867
0.879
0.8197
0.8597
0.8632
0.8881
0.8836
0.8321
0.8491
0.8145
0.7394
0.8411
0.849
0.8353
0.8811
0.8562
0.8296
0.8527
0.8649
0.8705
0.8565
0.868
0.8573
0.8726
0.8814
0.8779
0.8673
0.871
0.8708
0.8874
0.7823
0.8746
0.8613
0.8563
0.8744
0.8465
0.8481
0.8863
0.8666
0.7899
0.797
0.8684
0.8639
0.8708
0.8662
0.8273
0.8519
0.8618
0.858
0.8602
0.8019
0.8699
0.8614
0.8726
0.8622
0.7869
0.8548
0.8761
0.8601
0.8497
0.8358
0.8759
0.8684
0.8347
0.827
0.8753
0.8649
0.8673
0.871
0.8791
0.8424
0.8419
0.8687
0.8592
0.8307
0.8532
0.8479
0.8633
0.869
0.8455
0.8546
0.8741
0.8772
0.8689
0.8806
0.8364
0.8444
0.8164
0.8694
0.8772
0.8837
0.8682
0.8763
0.8897
0.8588
0.8531
0.8589
0.8356
0.8703
0.8529
0.7933
0.8546
0.8655
0.8761
0.8578
0.8131
0.855
0.8539
0.8058
0.8197
0.8667
0.8712
0.8646
0.8932
0.8225
0.8722
0.8564
0.7561
0.8514
0.865
0.8254
0.8601
0.8729
0.8623
0.8335
0.8771
0.8529
0.8462
0.8662
0.8565
0.8574
0.8484
0.866
0.8744
0.8857
0.8505
0.8607
0.8126
0.8481
0.871
0.8034
0.8571
0.8473
0.8734
0.8677
0.8519
0.8525
0.8321
0.8587
0.8216
0.8096
0.8594
0.8742
0.8704
0.8581
0.831
0.843
0.8732
0.8452
0.8571
0.8322
0.8431
0.8601
0.8592
0.8613
0.8374
0.87
0.8736
0.861
0.8436
0.8651
0.8737
0.8364
0.8759
0.8437
0.8648
0.8718
0.8784
0.8789
0.854
0.8584
0.8468
0.8442
0.8591
0.8582
0.8155
0.8591
0.8757
0.8624
0.8476
0.8777
0.8717
0.8704
0.8786
0.8709
0.8369
0.8523
0.8678
0.8728
0.8402
0.8636
0.8698
0.8647
0.8477
0.8767
0.8673
0.8491
0.8399
0.8646
0.8486
0.8309
0.8635
0.8638
0.876
0.8674
0.8553
0.8743
0.8735
0.8651
0.8723
0.867
0.8625
0.8558
0.8675
0.878
0.8569
0.7872
0.8331
0.8364
0.8798
0.8731
0.824
0.8526
0.888
0.8316
0.854
0.8628
0.8628
0.8375
0.8713
0.7951
0.7942
0.8641
0.8546
0.8796
0.851
0.8742
0.8384
0.8749
0.8657
0.8631
0.8568
0.8523
0.8662
0.8608
0.8422
0.8395
0.8678
0.8285
0.8878
0.8699
0.856
0.8863
0.8466
0.8766
0.8632
0.8586
0.8803
0.8674
0.8735
0.8876
0.8784
0.8502
0.8635
0.8741
0.7916
0.8654
0.8652
0.88
0.861
0.8724
0.8596
0.8648
0.8318
0.8173
0.8692
0.8481
0.8649
0.856
0.8462
0.8785
0.8757
0.8469
0.8386
0.8556
0.8352
0.8303
0.8279
0.8743
0.8144
0.8191
0.8749
0.8702
0.8696
0.8619
0.8381
0.7515
0.8651
0.8354
0.8687
0.8653
0.8648
0.8613
0.8387
0.88
0.8514
0.8417
0.8177
0.8778
0.878
0.8573
0.8338
0.8736
0.8475
0.89
0.8615
0.8161
0.8716
0.8821
0.8666
0.8553
0.8442
0.8566
0.8478
0.8537
0.8794
0.8708
0.8451
0.8584
0.8724
0.8556
0.8369
0.8597
0.835
0.8579
0.8511
0.852
0.8819
0.8656
0.8561
0.8697
0.8404
0.8536
0.8768
0.85
0.8647
0.8516
0.8531
0.839
0.8862
0.8531
0.8335
0.8599
0.8168
0.8715
0.849
0.8513
0.8807
0.8632
0.8792
0.8537
0.8802
0.8753
0.8697
0.8502
0.866
0.87
0.8533
0.8763
0.8674
0.8655
0.8587
0.8539
0.8686
0.8236
0.8626
0.8911
0.8394
0.8745
0.8524
0.8248
0.8608
0.878
0.8495
0.8599
0.8565
0.8589
0.8397
0.8057
0.8425
0.8733
0.8448
0.8744
0.834
0.8389
0.8477
0.8489
0.8668
0.8424
0.8192
0.8607
0.8644
0.862
0.8565
0.868
0.8529
0.8688
0.8247
0.8523
0.8531
0.8701
0.8823
0.8451
0.859
0.8569
0.8687
0.8526
0.8718
0.865
0.8604
0.8664
0.8587
0.8224
0.8689
0.8727
0.8704
0.8715
0.8567
0.8665
0.8734
0.8381
0.8412
0.8675
0.8788
0.8458
0.8457
0.8682
0.8798
0.8491
0.8613
0.829
0.856
0.8554
0.8247
0.8425
0.8436
0.8767
0.7472
0.8911
0.8627
0.8715
0.8577
0.8419
0.8624
0.846
0.8349
0.8559
0.8731
0.8964
0.8725
0.8822
0.8378
0.8367
0.8535
0.8259
0.8701
0.8574
0.825
0.8537
0.8299
0.8553
0.8667
0.8663
0.8502
0.8738
0.856
0.85
0.8529
0.874
0.8274
0.8292
0.8337
0.876
0.8359
0.8785
0.8719
0.8872
0.8782
0.877
0.816
0.871
0.868
0.8504
0.8585
0.8599
0.8744
0.8805
0.8502
0.8507
0.8359
0.8509
0.8299
0.8137
0.8753
0.8621
0.866
0.8615
0.848
0.8649
0.8763
0.8653
0.8629
0.8409
0.8723
0.8668
0.8717
0.8753
0.8713
0.8471
0.8408
0.8609
0.8483
0.8886
0.8278
0.8671
0.8524
0.8534
0.8231
0.8571
0.8503
0.849
0.8671
0.8612
0.8626
0.8696
0.8849
0.8682
0.869
0.8823
0.8488
0.8753
0.8823
0.8403
0.8736
0.8693
0.8743
0.8437
0.8595
0.8823
0.866
0.8724
0.8841
0.8429
0.8871
0.8582
0.871
0.8792
0.8384
0.8705
0.8618
0.8512
0.8584
0.8823
0.8802
0.8496
0.8384
0.8427
0.8669
0.8633
0.8712
0.8653
0.863
0.8551
0.8901
0.8408
0.86
0.8788
0.8514
0.8029
0.8305
0.8622
0.8542
0.8727
0.8795
0.8572
0.8822
0.8471
0.7959
0.86
0.8575
0.7962
0.7562
0.8857
0.8301
0.8762
0.8762
0.8284
0.878
0.8726
0.8562
0.8669
0.8685
0.8632
0.8631
0.8578
0.8373
0.8828
0.8082
0.81
0.8821
0.8636
0.8535
0.8746
0.8472
0.8561
0.8406
0.8444
0.8508
0.8619
0.8536
0.8818
0.8606
0.8432
0.8443
0.8544
0.8568
0.8711
0.8757
0.8472
0.8749
0.8682
0.8261
0.8521
0.85
0.8765
0.8271
0.8804
0.8537
0.8746
0.8765
0.8716
0.8557
0.8456
0.8659
0.8673
0.8701
0.8454
0.8643
0.863
0.8748
0.8278
0.855
0.8291
0.8778
0.8448
0.8793
0.8463
0.8633
0.8823
0.8292
0.8459
0.8519
0.8874
0.8626
0.8642
0.8618
0.868
0.864
0.8629
0.8807
0.8435
0.7362
0.8746
0.8626
0.8113
0.8801
0.8818
0.8267
0.851
0.8577
0.864
0.8773
0.8609
0.8465
0.8541
0.8796
0.8661
0.8168
0.8605
0.8724
0.8466
0.8747
0.8559
0.8526
0.8609
0.881
0.8281
0.842
0.8719
0.8519
0.8784
0.864
0.8417
0.8682
0.8539
0.8329
0.8632
0.8719
0.8615
0.8867
0.8725
0.8837
0.8603
0.8691
0.8718
0.85
0.8712
0.8321
0.8796
0.8447
0.8665
0.8592
0.8506
0.8056
0.8569
0.8652
0.8555
0.8519
0.8638
0.8658
0.8289
0.842
0.8663
0.8594
0.8619
0.8714
0.824
0.8609
0.8605
0.8658
0.8707
0.8702
0.8642
0.8423
0.8626
0.8604
0.8517
0.8529
0.8691
0.8532
0.8625
0.8852
0.8714
0.8375
0.8558
0.8767
0.8683
0.8118
0.8468
0.8501
0.837
0.8802
0.8801
0.8762
0.8636
0.8711
0.8623
0.8338
0.8492
0.8599
0.8639
0.8326
0.8902
0.8691
0.8366
0.8596
0.8589
0.8754
0.8358
0.8392
0.8773
0.8528
0.8461
0.8555
0.8713
0.8489
0.8504
0.8499
0.8741
0.8488
0.8487
0.8876
0.8771
0.7944
0.8497
0.8465
0.8497
0.8288
0.8331
0.8743
0.83
0.8717
0.87
0.8737
0.8667
0.8382
0.8707
0.8744
0.8456
0.8676
0.8656
0.822
0.8598
0.8551
0.87
0.8674
0.8721
0.8454
0.8666
0.842
0.826
0.863
0.8501
0.878
0.8678
0.8469
0.8599
0.8216
0.8588
0.868
0.8511
0.877
0.7667
0.8671
0.8735
0.8507
0.8873
0.875
0.87
0.8057
0.8659
0.8606
0.7649
0.8563
0.8582
0.8656
0.8137
0.8671
0.8471
0.8434
0.8634
0.8306
0.8777
0.8731
0.8786
0.8551
0.8478
0.8515
0.8802
0.8622
0.8535
0.8558
0.8681
0.8656
0.8537
0.8536
0.8166
0.8505
0.8752
0.851
0.8485
0.8524
0.8213
0.8756
0.8562
0.8587
0.8581
0.878
0.8412
0.8754
0.857
0.8646
0.8635
0.8497
0.8642
0.8658
0.8678
0.8542
0.8711
0.8729
0.84
0.8746
0.8391
0.8686
0.8854
0.878
0.8237
0.8664
0.8727
0.8591
0.8421
0.8756
0.8669
0.8856
0.8665
0.8689
0.8783
0.8122
0.8145
0.8403
0.8693
0.8536
0.8718
0.8439
0.8545
0.8819
0.856
0.85
0.8354
0.8693
0.8866
0.8575
0.8413
0.8614
0.8636
0.8288
0.8342
0.8557
0.8499
0.8634
0.8789
0.8813
0.8624
0.8683
0.851
0.852
0.8402
0.8743
0.8289
0.8645
0.8533
0.8529
0.8896
0.8771
0.8622
0.8446
0.8573
0.8639
0.83
0.8901
0.8675
0.8318
0.8329
0.8746
0.8685
0.8532
0.8691
0.8779
0.8724
0.8786
0.8779
0.8517
0.8545
0.8632
0.8638
0.8592
0.8467
0.8632
0.8515
0.8698
0.8594
0.8392
0.8393
0.8676
0.8329
0.8702
0.8331
0.8238
0.8525
0.8731
0.8633
0.8681
0.8715
0.8399
0.8015
0.8655
0.8362
0.8665
0.8567
0.8349
0.8863
0.8608
0.84
0.8523
0.8544
0.8602
0.851
0.8516
0.8581
0.838
0.8944
0.8502
0.8323
0.8723
0.8553
0.8613
0.8618
0.847
0.8387
0.868
0.8886
0.8677
0.8152
0.8593
0.8726
0.8565
0.8775
0.8501
0.8588
0.8643
0.8928
0.8635
0.8529
0.8425
0.8123
0.8166
0.8476
0.8799
0.8528
0.843
0.8673
0.8372
0.8336
0.8481
0.8652
0.8505
0.8684
0.8493
0.8315
0.8495
0.8487
0.8545
0.8452
0.8697
0.8558
0.8643
0.8619
0.8795
0.7365
0.8624
0.8506
0.8323
0.8762
0.8268
0.851
0.8619
0.8599
0.8817
0.8369
0.8748
0.87
0.8723
0.8534
0.8564
0.8649
0.8669
0.8639
0.8643
0.856
0.8673
0.8448
0.8718
0.8539
0.8766
0.8227
0.8479
0.8663
0.8449
0.8578
0.8227
0.8734
0.8349
0.8795
0.8485
0.8767
0.8599
0.8824
0.8756
0.8552
0.8715
0.8284
0.8515
0.8665
0.8236
0.8457
0.8356
0.851
0.8719
0.8659
0.8844
0.8466
0.8863
0.8634
0.8258
0.8323
0.8868
0.8198
0.8819
0.8332
0.852
0.82
0.8562
0.8031
0.8367
0.8238
0.8735
0.8301
0.878
0.8868
0.8668
0.8877
0.8745
0.8591
0.8923
0.8938
0.8232
0.867
0.8711
0.8636
0.8735
0.857
0.8411
0.8762
0.888
0.866
0.8637
0.874
0.8546
0.8537
0.8549
0.8373
0.8277
0.8489
0.8819
0.8595
0.8541
0.8701
0.86
0.843
0.8691
0.8552
0.8886
0.8242
0.8622
0.8308
0.8661
0.8726
0.8742
0.8682
0.874
0.8675
0.8387
0.8697
0.8738
0.8302
0.8665
0.8348
0.8979
0.8529
0.8744
0.8665
0.8617
0.8452
0.8507
0.8617
0.8663
0.8415
0.8486
0.8596
0.8912
0.8857
0.8565
0.8567
0.8549
0.8564
0.8771
0.8178
0.8676
0.8804
0.8647
0.8579
0.8745
0.8508
0.8894
0.866
0.8328
0.8793
0.882
0.8692
0.8417
0.843
0.859
0.8449
0.8761
0.843
0.872
0.8726
0.8371
0.8606
0.8394
0.8597
0.8627
0.8623
0.8245
0.8655
0.8588
0.864
0.8731
0.8414
0.8047
0.853
0.8549
0.8221
0.8785
0.8636
0.8838
0.878
0.8629
0.8787
0.8701
0.8621
0.8326
0.8706
0.8563
0.8515
0.8796
0.7828
0.8713
0.8903
0.8141
0.87
0.8669
0.8735
0.8622
0.8447
0.8891
0.8627
0.8643
0.8548
0.8278
0.8651
0.8662
0.8715
0.866
0.8798
0.8762
0.8298
0.8818
0.7886
0.8573
0.8686
0.8498
0.7728
0.8725
0.8641
0.8504
0.7825
0.8385
0.8707
0.8886
0.813
0.8657
0.8534
0.8799
0.8153
0.8481
0.8658
0.8373
0.8506
0.8465
0.8667
0.8471
0.8795
0.806
0.8686
0.8695
0.8729
0.8581
0.8646
0.8864
0.8563
0.8658
0.8705
0.8627
0.8625
0.8355
0.8864
0.8376
0.8686
0.8681
0.8526
0.8618
0.8734
0.8597
0.8665
0.8312
0.8757
0.8397
0.87
0.8553
0.8673
0.876
0.8256
0.8084
0.869
0.8402
0.8668
0.838
0.8553
0.8011
0.8681
0.8638
0.8656
0.8887
0.8362
0.8183
0.855
0.8371
0.8727
0.8488
0.8598
0.8771
0.8692
0.8801
0.8557
0.8404
0.8781
0.7468
0.8316
0.8582
0.8622
0.8549
0.8724
0.8628
0.8711
0.8491
0.8656
0.8436
0.848
0.8803
0.8756
0.8705
0.8564
0.8411
0.8664
0.8817
0.8571
0.8395
0.8588
0.8311
0.8378
0.8748
0.881
0.8837
0.8753
0.8745
0.8697
0.8297
0.8588
0.8723
0.8717
0.8818
0.893
0.8132
0.8724
0.8788
0.8652
0.8563
0.8593
0.8815
0.8698
0.8498
0.8521
0.8505
0.8685
0.8644
0.8797
0.7993
0.8854
0.8068
0.8665
0.8818
0.87
0.8703
0.8729
0.7592
0.8714
0.8618
0.8805
0.8705
0.8756
0.8835
0.864
0.8559
0.8718
0.8358
0.8524
0.8454
0.868
0.8422
0.8813
0.8241
0.8285
0.8866
0.8225
0.8362
0.849
0.8637
0.8262
0.8661
0.8641
0.7962
0.8831
0.835
0.8636
0.8687
0.8081
0.8718
0.8629
0.8554
0.8676
0.8709
0.8807
0.8776
0.8545
0.8256
0.8851
0.8873
0.8744
0.8713
0.8667
0.8669
0.8607
0.8682
0.8546
0.8707
0.8774
0.8679
0.8897
0.8745
0.8471
0.8573
0.8223
0.8667
0.8727
0.8436
0.8732
0.8781
0.858
0.8664
0.8704
0.8758
0.8789
0.8673
0.8893
0.8703
0.8516
0.8565
0.8681
0.8513
0.8526
0.8622
0.8754
0.8748
0.8397
0.8811
0.8625
0.8476
0.8368
0.8452
0.8632
0.8525
0.8553
0.8539
0.8734
0.8743
0.8537
0.8746
0.8785
0.8732
0.8776
0.8489
0.8789
0.8268
0.8759
0.8574
0.8516
0.8586
0.8385
0.8719
0.8238
0.8426
0.862
0.8479
0.8358
0.8686
0.8635
0.7578
0.8837
0.8703
0.8613
0.8402
0.8684
0.8416
0.8535
0.8634
0.8703
0.8672
0.8714
0.8463
0.8632
0.857
0.8568
0.8487
0.8704
0.8816
0.8776
0.8655
0.88
0.869
0.8332
0.8677
0.8697
0.8296
0.8518
0.8666
0.8343
0.8877
0.8159
0.8662
0.8589
0.8636
0.857
0.8688
0.8542
0.8693
0.8698
0.862
0.8363
0.8733
0.8494
0.8583
0.8663
0.8665
0.8733
0.8475
0.8764
0.849
0.8833
0.857
0.859
0.8547
0.8548
0.82
0.8592
0.8849
0.8622
0.8497
0.8502
0.8622
0.8674
0.8531
0.794
0.849
0.8352
0.8642
0.8372
0.8404
0.8778
0.894
0.8719
0.8055
0.883
0.8469
0.8456
0.8566
0.8308
0.8265
0.8552
0.8449
0.8771
0.8829
0.8229
0.8165
0.8706
0.8483
0.8415
0.8625
0.8485
0.878
0.8697
0.8531
0.887
0.7926
0.8275
0.8452
0.8518
0.865
0.863
0.8619
0.8561
0.8378
0.8622
0.8342
0.8211
0.8008
0.8253
0.8689
0.8741
0.8348
0.8084
0.8558
0.8422
0.8568
0.8614
0.871
0.8055
0.8545
0.8272
0.8133
0.88
0.8773
0.8623
0.83
0.8559
0.8282
0.8657
0.8783
0.8868
0.8572
0.7766
0.8763
0.85
0.8338
0.8553
0.848
0.8886
0.846
0.8523
0.8365
0.8344
0.8478
0.876
0.8755
0.8324
0.8728
0.8095
0.8101
0.8736
0.8596
0.85
0.8201
0.8663
0.8508
0.8665
0.8555
0.8388
0.834
0.8387
0.8832
0.8832
0.8312
0.8875
0.8396
0.8706
0.8486
0.8505
0.8682
0.8723
0.865
0.8568
0.8611
0.8639
0.8302
0.8478
0.8584
0.867
0.8694
0.8445
0.8725
0.8478
0.8639
0.855
0.84
0.8847
0.8543
0.8687
0.8533
0.8648
0.8509
0.8162
0.8422
0.8351
0.8681
0.8871
0.8517
0.8655
0.8771
0.8534
0.85
0.8823
0.8627
0.7749
0.8702
0.8112
0.8162
0.8726
0.878
0.8746
0.8755
0.8664
0.8594
0.8528
0.7761
0.8614
0.8465
0.8819
0.8525
0.8854
0.8535
0.8733
0.8224
0.8679
0.8729
0.8463
0.8918
0.8422
0.8486
0.8643
0.8453
0.8451
0.8565
0.8624
0.8381
0.8453
0.8401
0.8547
0.8696
0.8673
0.8407
0.8489
0.8583
0.8652
0.8268
0.8798
0.8568
0.8395
0.8573
0.8609
0.8797
0.8133
0.8592
0.8611
0.8319
0.7869
0.8521
0.8503
0.8048
0.8668
0.8703
0.8774
0.8604
0.8602
0.8306
0.8888
0.8564
0.8341
0.7888
0.8604
0.8605
0.8527
0.8607
0.8386
0.8738
0.8699
0.8681
0.8298
0.8709
0.8527
0.8717
0.8416
0.8775
0.876
0.8491
0.8646
0.8445
0.871
0.8738
0.83
0.8276
0.8587
0.8453
0.8395
0.8773
0.8525
0.8393
0.8563
0.8482
0.8476
0.8595
0.8485
0.8521
0.861
0.886
0.7967
0.8517
0.8832
0.8524
0.8481
0.8721
0.8517
0.7994
0.8449
0.8559
0.8811
0.8216
0.836
0.8693
0.8666
0.8822
0.8754
0.87
0.8607
0.8687
0.8147
0.8387
0.8414
0.8718
0.8614
0.8275
0.8804
0.8634
0.8565
0.8608
0.823
0.8705
0.8609
0.8369
0.8512
0.8582
0.8502
0.8767
0.8597
0.8728
0.8644
0.8473
0.8811
0.8906
0.8607
0.7388
0.8746
0.8602
0.8769
0.8458
0.8804
0.8748
0.8486
0.8405
0.8447
0.8678
0.832
0.8778
0.8662
0.8601
0.8749
0.8855
0.8781
0.8486
0.8713
0.8769
0.8745
0.8475
0.8686
0.8863
0.8618
0.8244
0.8282
0.874
0.8454
0.8534
0.8667
0.8788
0.877
0.8617
0.8695
0.8291
0.8215
0.8773
0.8279
0.8654
0.8824
0.8674
0.843
0.8734
0.8411
0.8694
0.8573
0.8626
0.8692
0.877
0.8542
0.8721
0.8396
0.8588
0.8513
0.8745
0.864
0.8563
0.8662
0.845
0.8682
0.8133
0.8114
0.8872
0.8673
0.8617
0.8609
0.8521
0.8735
0.7943
0.8689
0.8743
0.8601
0.7967
0.8501
0.8699
0.858
0.8723
0.8225
0.8727
0.8019
0.822
0.8743
0.8757
0.8306
0.8628
0.834
0.8421
0.8402
0.8466
0.8628
0.8702
0.8697
0.8646
0.8657
0.8603
0.8628
0.8626
0.8374
0.8244
0.7972
0.859
0.8453
0.8492
0.851
0.8147
0.8581
0.8612
0.8882
0.8485
0.8633
0.8718
0.7925
0.88
0.8645
0.8675
0.8635
0.8744
0.8797
0.8562
0.8524
0.855
0.8517
0.8547
0.8732
0.8615
0.8796
0.8757
0.8301
0.8753
0.8783
0.8293
0.8627
0.8614
0.8103
0.867
0.9297
0.927
0.9402
0.9219
0.929
0.9246
0.9385
0.9298
0.9434
0.9299
0.9277
0.9201
0.9374
0.9332
0.9323
0.9305
0.9202
0.9352
0.9335
0.9382
0.9322
0.9269
0.9394
0.9373
0.939
0.9375
0.9281
0.9253
0.9325
0.9189
0.9237
0.9094
0.9271
0.9207
0.9257
0.928
0.9369
0.9336
0.933
0.9266
0.9171
0.9338
0.9284
0.9343
0.9223
0.9301
0.9219
0.9342
0.937
0.9242
0.9261
0.9374
0.937
0.9302
0.9271
0.9318
0.9184
0.935
0.9342
0.9306
0.9442
0.9224
0.9226
0.9232
0.9293
0.9181
0.9359
0.9226
0.919
0.9372
0.9227
0.9331
0.9314
0.9431
0.927
0.9279
0.925
0.9146
0.9334
0.9121
0.9278
0.9239
0.9171
0.946
0.9286
0.9364
0.9359
0.9305
0.9331
0.9328
0.9366
0.9402
0.9334
0.9305
0.924
0.9326
0.9292
0.9338
0.9388
0.9191
0.9283
0.9326
0.9256
0.9351
0.9283
0.9287
0.9351
0.9228
0.9246
0.876
0.9251
0.9378
0.9281
0.9336
0.9357
0.9318
0.9071
0.9342
0.9384
0.9355
0.9282
0.9359
0.9287
0.932
0.9376
0.9421
0.9224
0.9285
0.9217
0.9361
0.9404
0.945
0.9248
0.9307
0.9358
0.9276
0.9354
0.9279
0.9348
0.9404
0.934
0.9336
0.9364
0.9364
0.936
0.9356
0.9408
0.9344
0.9374
0.9259
0.9312
0.9346
0.9339
0.938
0.9412
0.9269
0.9337
0.9347
0.9361
0.9293
0.9342
0.9208
0.9304
0.9354
0.9355
0.9324
0.9398
0.9372
0.9266
0.9409
0.9402
0.9161
0.933
0.9363
0.925
0.9383
0.9295
0.9174
0.9278
0.9244
0.9212
0.9329
0.9354
0.9346
0.9303
0.9269
0.939
0.9082
0.9376
0.9245
0.9338
0.941
0.9239
0.9305
0.9304
0.9289
0.9351
0.9388
0.9327
0.9346
0.9428
0.936
0.929
0.9264
0.9397
